GID_2,adm_id,mean_01,median_01,min_01,max_01,sum_01,perc_nodata_01,mean_02,median_02,min_02,max_02,sum_02,perc_nodata_02,mean_03,median_03,min_03,max_03,sum_03,perc_nodata_03,mean_04,median_04,min_04,max_04,sum_04,perc_nodata_04,mean_05,median_05,min_05,max_05,sum_05,perc_nodata_05,mean_06,median_06,min_06,max_06,sum_06,perc_nodata_06,mean_07,median_07,min_07,max_07,sum_07,perc_nodata_07,mean_08,median_08,min_08,max_08,sum_08,perc_nodata_08,mean_09,median_09,min_09,max_09,sum_09,perc_nodata_09,mean_10,median_10,min_10,max_10,sum_10,perc_nodata_10,mean_11,median_11,min_11,max_11,sum_11,perc_nodata_11,mean_12,median_12,min_12,max_12,sum_12,perc_nodata_12
BFA.1.1_1,1.0,0.3869585194811007,0.0,0.0,1.8874916844392875,15.091382259762929,0.0,0.38698131242049055,0.0,0.0,1.8877423794983759,15.09227118439913,0.0,0.38704605591703706,0.0,0.0,1.8890949566447144,15.094796180764446,0.0,0.3874319270762127,0.0,0.0,1.896972036178571,15.109845155972295,0.0,0.3880767102218833,0.0,0.0,1.908093674999781,15.134991698653447,0.0,0.3894663626679782,0.0,0.0,1.929652373173588,15.189188144051151,0.0,0.3912463075578336,0.0,0.0,1.9565108913644904,15.258605994755511,0.0,0.3934931784501012,0.0,0.0,1.9911427080971664,15.346233959553945,0.0,0.39490686214303977,0.0,0.0,2.0134895414087013,15.401367623578553,0.0,0.3919539767527999,0.0,0.0,1.967554045057448,15.286205093359197,0.0,0.3891412427834326,0.0,0.0,1.9231814673482523,15.176508468553871,0.0,0.3873772543590133,0.0,0.0,1.8954710959815328,15.107712920001518,0.0
BFA.1.2_1,2.0,0.20397785596117649,0.0,0.0,1.9526591094154755,10.198892798058822,0.0,0.203614635937242,0.0,0.0,1.9523752206611995,10.180731796862098,0.0,0.20361807661186204,0.0,0.0,1.9523852659640664,10.180903830593103,0.0,0.20391816220038053,0.0,0.0,1.9526564891414728,10.195908110019026,0.0,0.2040880315907578,0.0,0.0,1.952772774141229,10.20440157953789,0.0,0.20478763598004807,0.0,0.0,1.953608395370404,10.239381799002404,0.0,0.2061781810298215,0.0,0.0,1.970606162311244,10.308909051491074,0.0,0.2077306553214912,0.0,0.0,2.026574524060653,10.386532766074561,0.0,0.2081885439286245,0.0,0.0,2.041682204496119,10.409427196431226,0.0,0.20648647521442293,0.0,0.0,1.9829242631762567,10.324323760721146,0.0,0.20504356751521186,0.0,0.0,1.9546102109313133,10.252178375760593,0.0,0.2043888522711927,0.0,0.0,1.9530382668521693,10.219442613559632,0.0
BFA.1.3_1,3.0,1.4742567026167115,1.7881651566199206,0.0,2.4817740892376228,88.4554021570027,0.0,1.4729332198088332,1.7856115946037945,0.0,2.48148232891566,88.37599318852999,0.0,1.4715972778754929,1.7854927579315465,0.0,2.4816810431839045,88.29583667252956,0.0,1.4736679296905586,1.785776897370296,0.0,2.482683204499098,88.42007578143352,0.0,1.4765679365035749,1.7915857450857633,0.0,2.48340690801201,88.59407619021448,0.0,1.4872098364877215,1.8301686838697744,0.0,2.4852990110189515,89.2325901892633,0.0,1.5125432704625783,1.89958105432532,0.0,2.4902905433310427,90.75259622775472,0.0,1.5396251028945405,1.9749147693484328,0.0,2.49648840846898,92.37750617367243,0.0,1.5448278983205792,1.9810709458463045,0.0,2.4979746710764883,92.68967389923478,0.0,1.5172319531203102,1.9046857638900518,0.0,2.4910068927777766,91.03391718721865,0.0,1.4944431298386385,1.8602223166954208,0.0,2.486635459038085,89.6665877903183,0.0,1.48043597129776,1.8103880581256069,0.0,2.4836768035081564,88.8261582778656,0.0
BFA.1.4_1,4.0,0.6598979296618831,0.14485003962560242,0.0,2.2943509981497567,34.9745902720798,0.0,0.6589835163368452,0.14485003962560242,0.0,2.2936539484163503,34.926126365852795,0.0,0.6590578627121472,0.14485003962560242,0.0,2.294572359721569,34.9300667237438,0.0,0.6601407782065286,0.14485003962560242,0.0,2.299290544600894,34.98746124494602,0.0,0.6608321688208907,0.14485003962560242,0.0,2.3001826638364533,35.024104947507205,0.0,0.6636218534186165,0.14485003962560242,0.0,2.3031525672283504,35.17195823118667,0.0,0.6690693894191484,0.14485003962560242,0.0,2.316837604250836,35.46067763921487,0.0,0.6754346275464091,0.14485003962560242,0.0,2.331123536110424,35.798035259959676,0.0,0.6771816526533405,0.14485003962560242,0.0,2.334875742157419,35.89062759062705,0.0,0.6701056170506501,0.14485003962560242,0.0,2.3208020101671654,35.515597703684456,0.0,0.6644619566356421,0.14485003962560242,0.0,2.3080335464180743,35.216483701689036,0.0,0.6614713755320762,0.14485003962560242,0.0,2.2998474107062994,35.05798290320004,0.0
BFA.1.5_1,5.0,2.069966297158219,2.172166769919321,1.4309412516768862,2.3874640701314847,60.029022617588346,0.0,2.0678043158754,2.1695457335635613,1.4240539470254334,2.38717763123665,59.96632516038658,0.0,2.0681062840305846,2.170000605789836,1.4240539470254334,2.3875974470019723,59.97508223688695,0.0,2.0704932650820003,2.17403781912716,1.4243122425703996,2.3896830963196183,60.044304687377995,0.0,2.078779394246642,2.180782087782811,1.4347190109123888,2.3908434466431348,60.28460243315262,0.0,2.1071352027703933,2.206876799552844,1.5017358840403623,2.394710367131593,61.106920880341406,0.0,2.1759890650323452,2.2702835570477933,1.5840911398015334,2.403168305512491,63.103682885938,0.0,2.257111545179803,2.3374329216158154,1.5920096606554075,2.4568320461098216,65.4562348102143,0.0,2.2765632379941345,2.3560634730354657,1.5929557346768053,2.4677032638352365,66.02033390182991,0.0,2.188865853441671,2.2803790355415683,1.5842441409108838,2.404427752808457,63.47710974980846,0.0,2.1223110132495853,2.22398549945563,1.5606923654210891,2.3956206871809256,61.54701938423798,0.0,2.0882996235661606,2.192752235946001,1.4854916557076316,2.390507312774968,60.56068908341866,0.0
BFA.1.6_1,6.0,1.9662391243594384,2.0467076500283654,1.1233437500048171,2.457656129533787,92.41323884489357,0.0,1.9623853480413624,2.0444626222622366,1.1231897596706713,2.456873451991415,92.23211135794399,0.0,1.955670217302533,2.0444626222622366,1.1231897596706713,2.456657260314912,91.91650021321905,0.0,1.962446472621585,2.0445599946774524,1.1231897596706713,2.4576394978408755,92.23498421321449,0.0,1.9702713954846955,2.0500832422606607,1.1233877472431448,2.458854685277096,92.60275558778069,0.0,2.001797163430991,2.0900976710579435,1.1251898980272703,2.4655406360560868,94.08446668125656,0.0,2.0851676555489806,2.186009754955128,1.1301877810776475,2.47401800920408,98.0028798108021,0.0,2.172080898576388,2.2685306732589514,1.1328623859143847,2.4851805490401158,102.08780223309023,0.0,2.1789844729982133,2.2839261930828942,1.1326900900586494,2.4865065907967856,102.41227023091602,0.0,2.086793304973789,2.191141750236301,1.1295633750076342,2.4736591481895664,98.07928533376808,0.0,2.018912007182524,2.116055321080124,1.1260196187386262,2.465321122647968,94.88886433757858,0.0,1.9798258500811243,2.06780665493159,1.1244765989086076,2.4585812097663005,93.05181495381285,0.0
BFA.2.1_1,7.0,2.3734933300574266,2.258947594724964,0.0,5.64350387950612,296.6866662571784,0.0,2.3789660680630282,2.25923126927672,0.0,5.642345035926546,297.3707585078785,0.0,2.403078634744608,2.2976157976448706,0.0,5.656186763566147,300.384829343076,0.0,2.4504516469579696,2.3521553450730823,0.0,5.6877137882879225,306.3064558697462,0.0,2.4936374008374558,2.3850229357054022,0.0,5.711203200999683,311.70467510468194,0.0,2.5111690807272367,2.408778567681797,0.0,5.715508305987675,313.8961350909047,0.0,2.517216941274804,2.4266279362160086,0.0,5.720931549681281,314.6521176593504,0.0,2.5504225855037026,2.464735052536947,0.0,5.755819391659722,318.8028231879628,0.0,2.6220049360147346,2.5397898397400267,0.0,5.796737010722769,327.7506170018419,0.0,2.619157525217757,2.520999954088916,0.0,5.786192280527174,327.3946906522196,0.0,2.521830689170101,2.4290192868446567,0.0,5.728460837805952,315.2288361462626,0.0,2.414475914541466,2.305208470874748,0.0,5.668267967113054,301.80948931768324,0.0
BFA.2.2_1,8.0,1.8600911741836628,2.218109451058224,0.1157774740119009,3.733933311533959,46.50227935459157,0.0,1.8593229696291969,2.2157074406747927,0.11573636902723787,3.7331478256666335,46.48307424072992,0.0,1.8657491116090303,2.236683556517893,0.1157774740119009,3.739341438806853,46.64372779022575,0.0,1.875196024508633,2.2570907292017584,0.11614741887386665,3.749844919518365,46.879900612715815,0.0,1.8885689222314448,2.261832184924504,0.11651736373583242,3.7613665275178656,47.21422305578614,0.0,1.8957328438933367,2.2644060651756908,0.11651736373583242,3.7651484820641854,47.39332109733342,0.0,1.9002210886099848,2.265417079353314,0.11643515376650672,3.7644112016810896,47.505527215249614,0.0,1.91499613744746,2.330415915904253,0.11680509862847248,3.776875037622597,47.87490343618651,0.0,1.9385212353425711,2.3766095129282725,0.1173394634290898,3.797846158148899,48.46303088356427,0.0,1.9299299004798465,2.3637743346566524,0.11725725345976412,3.795920176591008,48.248247511996155,0.0,1.9021459115942747,2.2743250904869043,0.11659957370515828,3.767275684948831,47.55364778985686,0.0,1.8741097530879367,2.2570810293688863,0.11614741887386665,3.7459693059411583,46.85274382719842,0.0
BFA.7.1_1,9.0,1.6706590733604645,1.6615515599320458,1.2615683733106506,2.0860759639265165,33.413181467209284,0.0,1.6492038813593026,1.6528440568225322,1.2386929497425858,2.0734153385969942,32.98407762718605,0.0,1.6331834734075752,1.625415691730105,1.2356732195798672,2.062141979391848,32.663669468151504,0.0,1.6534012389357275,1.6534952174841802,1.2371589493326915,2.067023621685926,33.06802477871455,0.0,1.6660691707826891,1.6637555801784094,1.253519046433426,2.0783144212751887,33.321383415653784,0.0,1.7005395984158609,1.7003243360332558,1.3150721961362255,2.094358602742967,34.010791968317214,0.0,1.8025480740912363,1.8077567260180365,1.4537123845191315,2.1489171501767674,36.05096148182473,0.0,1.94762867054764,1.9612142076222423,1.640159708672201,2.22765207332234,38.95257341095279,0.0,2.0211856488442788,2.0389740084366874,1.7252927946998955,2.2715179734294684,40.423712976885575,0.0,1.886527344456516,1.9001541267310944,1.5350771940377184,2.2009892830165803,37.73054688913032,0.0,1.7669848002023607,1.7715370519415985,1.3814081797786537,2.140889157867192,35.33969600404722,0.0,1.6906817210701248,1.6906270762866868,1.30497948056765,2.094167599297037,33.813634421402504,0.0
BFA.3.1_1,10.0,1.4740470209252696,1.6162591435637306,0.11687928416588715,2.4171698333357834,81.07258615088982,0.0,1.4696779603943069,1.6071050399471,0.11687928416588715,2.416324285990662,80.8322878216869,0.0,1.463815209230654,1.580534224890536,0.11687928416588715,2.416996168839101,80.50983650768596,0.0,1.4791775400518197,1.6083478177830308,0.11693266600401447,2.4213352339921896,81.35476470285008,0.0,1.4953682947745977,1.6300171829049348,0.11719391096970558,2.425931280983492,82.24525621260287,0.0,1.5348873304795578,1.7161726506599218,0.11727398372689647,2.4393552948847432,84.41880317637569,0.0,1.5864389830710497,1.7613268957293144,0.11764400937848347,2.4533467559430457,87.25414406890773,0.0,1.64042034075185,1.854923826472768,0.11793194526323822,2.4676811909477534,90.22311874135175,0.0,1.6735017441184985,1.919309443867518,0.1179185998037064,2.4786972053347367,92.04259592651744,0.0,1.6189268471547669,1.7936636424455494,0.117603972999888,2.4629758187119952,89.04097659351221,0.0,1.5429210599531955,1.7239650817920913,0.1172206018887692,2.440306117838713,84.86065829742577,0.0,1.4937049229633288,1.652220757946441,0.11690597508495082,2.4247541727520607,82.15377076298309,0.0
BFA.3.2_1,11.0,0.8823410608205368,0.8575605042597341,0.0,2.2203622747776737,37.94066561528308,0.0,0.8815902049722035,0.8574657823484622,0.0,2.217008076316194,37.90837881380475,0.0,0.8821542912353472,0.8575740359613442,0.0,2.2197779645721063,37.93263452311993,0.0,0.8858479250158334,0.8582340467366715,0.0,2.2368981248169275,38.09146077568085,0.0,0.8922744625083373,0.8591775901437583,0.0,2.2597973909286333,38.36780188785851,0.0,0.9041070751939116,0.8613786131743744,0.0,2.2976892220027687,38.87660423333821,0.0,0.9174081596044742,0.8648041731439964,0.0,2.3375884281966584,39.448550862992384,0.0,0.9316376422856372,0.8673592806012411,0.0,2.3863198163156665,40.060418618282405,0.0,0.9420765633906724,0.8689061894807453,0.0,2.4268736492133405,40.50929222579891,0.0,0.9269896616324236,0.8664245674269979,0.0,2.377797763895266,39.86055545019421,0.0,0.904514792299394,0.8613311031658876,0.0,2.30034559849278,38.89413606887394,0.0,0.8891998556903046,0.8584416371857255,0.0,2.2486600906434866,38.235593794683105,0.0
BFA.3.3_1,12.0,1.7556755353686655,1.7268986280401093,1.3886088063813509,2.198903592967554,38.62486177811064,0.0,1.744872569387492,1.71345116029262,1.3816696873978982,2.1926810670521037,38.38719652652483,0.0,1.7405538473813271,1.702949206018045,1.3816696873978982,2.1937385055544034,38.2921846423892,0.0,1.7561079195173754,1.7302075093694642,1.3816696873978982,2.203952702544102,38.63437422938226,0.0,1.7772712002117748,1.7533305564230486,1.390737091751982,2.2154933985914598,39.099966404659035,0.0,1.826501536718328,1.81421708415896,1.4544763488857466,2.2381279823006452,40.18303380780321,0.0,1.90932479158389,1.9031029988194144,1.58287519760146,2.2782052803575588,42.00514541484558,0.0,2.013459838054993,2.008897093021995,1.7495289624172952,2.3261587264955383,44.296116437209854,0.0,2.0645422571730183,2.065354233704479,1.8047491981812869,2.3530262232639814,45.41992965780641,0.0,1.9598118438895504,1.951769969145348,1.6511937322388428,2.300113410826943,43.115860565570095,0.0,1.8549058192889456,1.8289906388726311,1.5166928877347858,2.2476105110647984,40.80792802435681,0.0,1.7900228114535464,1.7642533948231454,1.4432754473106717,2.2149314599683008,39.380501851978025,0.0
BFA.4.1_1,13.0,1.555943690505284,1.7978370588270838,0.0,2.4526111068210628,49.79019809616909,0.0,1.5524723052976117,1.7901542946742923,0.0,2.4523827924320125,49.67911376952358,0.0,1.55211480856518,1.7895636568449902,0.0,2.4523827924320125,49.66767387408576,0.0,1.5521153373995582,1.7895636568449902,0.0,2.4523827924320125,49.66769079678586,0.0,1.5542466133329975,1.7955487800806464,0.0,2.452650145637162,49.73589162665592,0.0,1.5692642137492832,1.8388149306881856,0.0,2.454752472447916,50.21645483997706,0.0,1.5982971086658386,1.926967335475088,0.0,2.4601512827567813,51.14550747730684,0.0,1.6347377059530186,2.0382306700390376,0.0,2.465669291302852,52.311606590496595,0.0,1.6436714671304145,2.0678530410420266,0.0,2.4659424212280934,52.597486948173255,0.0,1.6093142296145595,1.9630244253225408,0.0,2.4609516531112865,51.498055347665904,0.0,1.581738598246516,1.878788646458492,0.0,2.457110578377719,50.61563514388851,0.0,1.5669002410448454,1.8315583100785249,0.0,2.4541629117003456,50.14080771343505,0.0
BFA.4.2_1,14.0,1.4217302576327888,1.5018178944855476,0.0148602718323267,2.4415121807435027,71.08651288163944,0.0,1.419254841894963,1.498626181818394,0.0148602718323267,2.4410258745781017,70.96274209474815,0.0,1.4192519844344091,1.498626181818394,0.0148602718323267,2.4410258745781017,70.96259922172045,0.0,1.4192519844344091,1.498626181818394,0.0148602718323267,2.4410258745781017,70.96259922172045,0.0,1.4224688802787904,1.5027807807558602,0.0148602718323267,2.441649128667561,71.12344401393952,0.0,1.4444284009520194,1.5326370201627832,0.0148602718323267,2.445626857943278,72.22142004760097,0.0,1.4846203816356074,1.611451278135351,0.0148602718323267,2.4531420479420705,74.23101908178037,0.0,1.5416391333195478,1.7102939081983501,0.0148602718323267,2.465443445006932,77.08195666597739,0.0,1.5666065787233112,1.7272847123174269,0.0148602718323267,2.468067964291256,78.33032893616556,0.0,1.5111858358691592,1.6712567567129888,0.0148602718323267,2.4556707102268165,75.55929179345796,0.0,1.4663940755515077,1.5829815717363216,0.0148602718323267,2.4478656794439875,73.31970377757538,0.0,1.441158876509307,1.527247702374371,0.0148602718323267,2.4448591560258466,72.05794382546536,0.0
BFA.4.3_1,15.0,1.195839045149761,1.4300059752641507,0.0,2.3316591561440743,89.68792838623207,0.0,1.1916180582017486,1.4299825568919289,0.0,2.3302032960915886,89.37135436513115,0.0,1.1911593927937298,1.4299825568919289,0.0,2.330123669217828,89.33695445952975,0.0,1.191371820359174,1.4299825568919289,0.0,2.3301312335881565,89.35288652693804,0.0,1.1947609249920226,1.4300106589385952,0.0,2.3315752615367757,89.60706937440169,0.0,1.2109830493066334,1.4534752326330849,0.0,2.342008044297294,90.82372869799751,0.0,1.2459211841719522,1.494894741959082,0.0,2.366700031379315,93.44408881289641,0.0,1.2916578067680633,1.5003296477826074,0.0,2.3931591471598206,96.87433550760471,0.0,1.310406537783105,1.5167188582922544,0.0,2.401308393352545,98.28049033373286,0.0,1.2629015900587155,1.49559082341906,0.0,2.3746586414292206,94.71761925440369,0.0,1.2269124733279628,1.4920325425217258,0.0,2.3527955587507074,92.01843549959723,0.0,1.2081099396851875,1.4454867210534166,0.0,2.339666074951809,90.60824547638906,0.0
BFA.5.1_1,16.0,1.5764050085371089,1.496949062014126,1.0065629570772996,2.2669682536294324,59.90339032441014,0.0,1.5677813227193746,1.4879647453886804,0.9886123126102896,2.264853637657558,59.57569026333624,0.0,1.5537794752629863,1.4799910406948935,0.9389736423515028,2.265510677039348,59.04362005999348,0.0,1.5690536585163728,1.4879848291605149,0.9888908947151251,2.2698772068099484,59.62403902362217,0.0,1.577088480365619,1.4936425550388155,0.997931304757725,2.278404120926392,59.92936225389353,0.0,1.6094618934524407,1.531664309724254,1.0192353703054873,2.298583671512189,61.15955195119275,0.0,1.7227889523902589,1.6539614975885817,1.1830690215432094,2.3365159794723214,65.46598019082984,0.0,1.8925374346372368,1.8370933718457465,1.4387498457335106,2.3878267998847442,71.91642251621502,0.0,1.987639786464015,1.9407797569917609,1.5812740556313791,2.4240148798936043,75.53031188563256,0.0,1.8407230257812608,1.7918359677765483,1.3508674686581263,2.3743945716597867,69.94747497968793,0.0,1.7019390376231942,1.6302006932217776,1.1677212014803822,2.323642910285767,64.67368342968139,0.0,1.625296721625004,1.5501294225311286,1.0746901278627567,2.285688038601996,61.761275421750156,0.0
BFA.5.2_1,17.0,1.256769026314584,1.312357217241587,0.0,2.2721808728645803,51.52753007889793,0.0,1.2532426523939724,1.3049189203912597,0.0,2.2702634390197973,51.382948748152856,0.0,1.2538831356411566,1.3050277256944678,0.0,2.2702634390197973,51.40920856128742,0.0,1.2579213737452528,1.3121261513641598,0.0,2.2702634390197973,51.574776323555355,0.0,1.2665138396460671,1.332821887975233,0.0,2.272663704307098,51.92706742548876,0.0,1.3003182521218013,1.3894164003005,0.0,2.2902499937400584,53.313048336993845,0.0,1.3729464055024785,1.53151213088588,0.0,2.3278446204793246,56.290802625601614,0.0,1.4675105066516057,1.6807127834763385,0.0,2.3810736646336594,60.16793077271584,0.0,1.5198013940834236,1.7779589487358218,0.0,2.4093590465416903,62.31185715742037,0.0,1.4217808119454918,1.5988843398281882,0.0,2.3581286061070306,58.293013289765156,0.0,1.3377788035204214,1.4850964987689652,0.0,2.313716330921513,54.84893094433728,0.0,1.2865806032153102,1.3781570023908685,0.0,2.2876936174671507,52.74980473182771,0.0
BFA.5.3_1,18.0,1.3952168003004128,0.0669556875793981,0.0,5.840625828679763,72.55127361562147,0.0,1.3963320131549335,0.0669556875793981,0.0,5.8442793351149485,72.60926468405655,0.0,1.3973170508384076,0.0669556875793981,0.0,5.847155921276452,72.6604866435972,0.0,1.4014867850761656,0.0669556875793981,0.0,5.8600999672436185,72.87731282396061,0.0,1.4061074357611256,0.0669556875793981,0.0,5.876104505331693,73.11758665957855,0.0,1.413948519519974,0.0669556875793981,0.0,5.897244937019647,73.52532301503865,0.0,1.4203000025272356,0.0669556875793981,0.0,5.913219946624206,73.85560013141625,0.0,1.428723589322897,0.0669556875793981,0.0,5.935078112317914,74.29362664479062,0.0,1.43608873888833,0.0669556875793981,0.0,5.9558001187415766,74.67661442219317,0.0,1.4260141585146573,0.0669556875793981,0.0,5.928649162031966,74.15273624276217,0.0,1.4105918141540086,0.0669556875793981,0.0,5.883951741992113,73.35077433600843,0.0,1.3998401971493557,0.0669556875793981,0.0,5.853050377725624,72.79169025176648,0.0
BFA.5.4_1,19.0,1.4760284272867934,1.3311043184594122,0.0,5.273025911292544,66.42127922790569,0.0,1.4757338541605758,1.3302646818456278,0.0,5.269242931333159,66.40802343722592,0.0,1.4767550153028688,1.3313082822528812,0.0,5.2741478983502335,66.4539756886291,0.0,1.4807913470326484,1.3377196896949874,0.0,5.302840549790036,66.63561061646918,0.0,1.485262257020095,1.3449348013689804,0.0,5.330497746050859,66.83680156590428,0.0,1.4932214072903691,1.3539552098292198,0.0,5.386691218469667,67.19496332806659,0.0,1.5030988809019308,1.374443071827257,0.0,5.4432091552127035,67.63944964058689,0.0,1.5139778298380309,1.3977267131120563,0.0,5.510189386698373,68.1290023427114,0.0,1.5226325622051933,1.4057380097370649,0.0,5.572671737906077,68.51846529923371,0.0,1.509685051568758,1.389066148914867,0.0,5.4907318623639965,67.9358273205941,0.0,1.493070490176556,1.3597370199220065,0.0,5.376805920130958,67.18817205794502,0.0,1.4815097489908564,1.3389191705718222,0.0,5.306900459172121,66.66793870458854,0.0
BFA.6.1_1,20.0,2.0791657082207644,1.9825496809654315,1.3337607381781522,3.0560592534132387,68.61246837128523,0.0,2.0759911696044084,1.9822030113029856,1.33351194602847,3.054400386515649,68.50770859694548,0.0,2.073805052197708,1.9824659481104645,1.33351194602847,3.0544687107725537,68.43556672252436,0.0,2.0795038057079687,1.9883411542983465,1.3336105056203276,3.056451289531852,68.62362558836297,0.0,2.0874082328702044,1.9910573974184311,1.3345406188269218,3.0637145441234614,68.88447168471674,0.0,2.1107657216506728,2.008138271689156,1.33742653212515,3.0799245358431437,69.65526881447221,0.0,2.152495542685404,2.0936156326309643,1.3430490926782932,3.097681076982976,71.03235290861835,0.0,2.2071725307145376,2.1833095564486893,1.3511370116051535,3.1216085008185335,72.83669351357975,0.0,2.236598484700313,2.235532922368733,1.3534572028490404,3.1344455196533647,73.80774999511034,0.0,2.1824470821575925,2.151702693451607,1.3464466037262024,3.1125063507304307,72.02075371120056,0.0,2.1295347474153608,2.0536276444342847,1.3384386537647155,3.081119688940173,70.27464666470689,0.0,2.0946875562670058,1.9938816785713327,1.3353711195572702,3.0628128238230903,69.12468935681123,0.0
BFA.6.2_1,21.0,0.3952630366661094,0.0,0.0,4.291544233654027,12.25315413664939,0.0,0.3952356035613131,0.0,0.0,4.291544233654027,12.252303710400708,0.0,0.3952842914665732,0.0,0.0,4.291762648528638,12.253813035463764,0.0,0.3956152701979207,0.0,0.0,4.2929857718264754,12.264073376135542,0.0,0.395932919185573,0.0,0.0,4.2936799273995225,12.273920494752765,0.0,0.39670723503449,0.0,0.0,4.29681603388172,12.297924286069188,0.0,0.39730865086451395,0.0,0.0,4.298651470522003,12.316568176799937,0.0,0.3979737238938661,0.0,0.0,4.3008017252591415,12.337185440709849,0.0,0.3987025166071817,0.0,0.0,4.304346551911937,12.35977801482263,0.0,0.3977777699803684,0.0,0.0,4.300382218361178,12.33111086939142,0.0,0.3965072882775634,0.0,0.0,4.296673185824933,12.291725936604465,0.0,0.3955424295974885,0.0,0.0,4.292153785136852,12.261815317522144,0.0
BFA.6.3_1,22.0,1.1858361319513258,1.4699322646276527,0.0,2.27836378514351,34.389247826588445,0.0,1.184246212044712,1.469409385051919,0.0,2.2767504797779075,34.343140149296644,0.0,1.1847565157737656,1.469409385051919,0.0,2.2773992706015345,34.357938957439195,0.0,1.1910257549077772,1.4700720674497718,0.0,2.282275505761384,34.53974689232554,0.0,1.1990186542397014,1.4748512159205287,0.0,2.2947190651990184,34.77154097295134,0.0,1.2182709432843812,1.482523595741319,0.0,2.3227715693712314,35.329857355247064,0.0,1.2436377957843407,1.497379619153194,0.0,2.365748417944947,36.06549607774589,0.0,1.2670004718493932,1.5122311560577548,0.0,2.4014678918967296,36.743013683632405,0.0,1.2816859864778805,1.5197586769154685,0.0,2.4221034140763256,37.16889360785853,0.0,1.255424717452644,1.5041667656399582,0.0,2.3817109368959093,36.40731680612668,0.0,1.2187945220017635,1.4863352282893274,0.0,2.3264117737604364,35.345041138051144,0.0,1.1957969693958224,1.4750129260243576,0.0,2.293217207355065,34.67811211247885,0.0
BFA.8.1_1,23.0,1.5871336751455554,1.7210158024473712,0.0,2.335398761424609,111.09935726018887,0.0,1.581738376136713,1.7154398516738,0.0,2.3352831655890265,110.7216863295699,0.0,1.5804857666270438,1.7171940808844202,0.0,2.3352831655890265,110.63400366389307,0.0,1.5868030140288618,1.7225251595564255,0.0,2.3352831655890265,111.07621098202034,0.0,1.5962638060511525,1.7376148024683475,0.0,2.335399396477748,111.73846642358069,0.0,1.6276941151184685,1.7956703008631902,0.0,2.337122334019639,113.9385880582928,0.0,1.6935384907817457,1.8809479646716567,0.0,2.3480422517825983,118.5476943547222,0.0,1.7774577130738605,2.0122236747056874,0.0,2.3761656622863945,124.42203991517023,0.0,1.7991818151938055,2.048451506943433,0.0,2.3840516697568406,125.9427270635664,0.0,1.7156136762077971,1.9194745581972157,0.0,2.34890745054226,120.0929573345458,0.0,1.650531812483935,1.8172662949835248,0.0,2.3416622932407547,115.53722687387544,0.0,1.6126614539426825,1.7614135559657138,0.0,2.336798567984252,112.88630177598776,0.0
BFA.8.2_1,24.0,0.9261455068211224,0.6131175617222756,0.0,2.4867897993233807,87.05767764118549,0.0,0.9244252949554456,0.6131175617222756,0.0,2.4867186146231566,86.89597772581189,0.0,0.9199882503287312,0.6131175617222756,0.0,2.4867186146231566,86.47889553090073,0.0,0.9248157475178224,0.6131175617222756,0.0,2.48681404469768,86.9326802666753,0.0,0.92831304936022,0.6131753767394629,0.0,2.4878684018300734,87.26142663986067,0.0,0.9417687352147448,0.6136566323274719,0.0,2.4916408869172537,88.526261110186,0.0,0.9617549700852416,0.6150546993668135,0.0,2.494665771268094,90.40496718801272,0.0,0.982961190072293,0.6164407445183643,0.0,2.4986643170366567,92.39835186679554,0.0,0.9922484836704466,0.6163827954780534,0.0,2.4989125052029704,93.27135746502199,0.0,0.9681837235443176,0.6149401300834203,0.0,2.4944030162469457,91.00927001316583,0.0,0.9453715775700092,0.6136225237012161,0.0,2.4914921611029137,88.86492829158087,0.0,0.9329434982068748,0.6131683657221456,0.0,2.487726464954938,87.69668883144622,0.0
BFA.8.3_1,25.0,1.8281238368683448,1.9641081795357784,0.3899693952139655,2.3907622448825547,73.12495347473381,0.0,1.8224005774756653,1.953114773635495,0.3899213710284352,2.3874805259280616,72.89602309902662,0.0,1.818207559631282,1.9478389813321808,0.3899213710284352,2.3838544400482733,72.72830238525128,0.0,1.829051183075212,1.9680200751616561,0.3899693952139655,2.3898733261576623,73.16204732300847,0.0,1.8361215993094724,1.9736092832432632,0.3905023505348846,2.3927050609038254,73.4448639723789,0.0,1.8607522608361944,1.9983248464288168,0.3911471207954493,2.406490211377741,74.43009043344776,0.0,1.9092502529281583,2.0803595426458403,0.3917511160945135,2.4361256949231165,76.37001011712633,0.0,1.9616035202131552,2.1732215665229475,0.39282975409034415,2.464620541408151,78.4641408085262,0.0,1.968445226524936,2.185230948432185,0.3927337057192833,2.469175079022844,78.7378090609974,0.0,1.90938981143081,2.0894030602899107,0.3917452208611605,2.4350881826256745,76.37559245723241,0.0,1.8660496351002027,2.0068018761402744,0.3911003025631878,2.410243578086265,74.64198540400811,0.0,1.840695929960604,1.976321193373572,0.390454326349354,2.3947765718668497,73.62783719842413,0.0
BFA.8.4_1,26.0,0.04726929095816289,0.0,0.0,0.9218844641318812,2.552541711740796,0.0,0.047261540572021685,0.0,0.0,0.921861373127292,2.5521231908891706,0.0,0.0472712285546982,0.0,0.0,0.9218902368830284,2.5526463419537024,0.0,0.04733012314959656,0.0,0.0,0.9220518739151528,2.5558266500782136,0.0,0.04738081109671104,0.0,0.0,0.922444856289442,2.558563799222396,0.0,0.047501597832322336,0.0,0.0,0.9246385772816658,2.5650862829454057,0.0,0.04759583620758316,0.0,0.0,0.9251502512086603,2.5701751552094905,0.0,0.04769489027011368,0.0,0.0,0.9253580702499632,2.5755240745861387,0.0,0.047766685059711066,0.0,0.0,0.9255197072820875,2.579400993224397,0.0,0.0476762250529555,0.0,0.0,0.925317660991932,2.5745161528595966,0.0,0.04749467207610709,0.0,0.0,0.924601404553394,2.5647122921097827,0.0,0.04734005261049326,0.0,0.0,0.9223127833214256,2.5563628409666355,0.0
BFA.8.5_1,27.0,0.5305775694757141,0.0,0.0,2.399107211578937,64.19988590656139,0.0,0.5297790450510244,0.0,0.0,2.3980240064939062,64.10326445117394,0.0,0.528946275101076,0.0,0.0,2.3980240064939062,64.00249928723022,0.0,0.5302486262635786,0.0,0.0,2.3989555520381556,64.16008377789299,0.0,0.5329182119128052,0.0,0.0,2.406478997215568,64.48310364144943,0.0,0.5427037951236164,0.0,0.0,2.4227479327430377,65.66715920995759,0.0,0.5568726845629334,0.0,0.0,2.4470518878389806,67.38159483211493,0.0,0.5702009973576472,0.0,0.0,2.471618889277733,68.99432068027532,0.0,0.5724213207313922,0.0,0.0,2.4746505273567765,69.26297980849846,0.0,0.5570637378438544,0.0,0.0,2.446584541514232,67.40471227910639,0.0,0.5439429595472894,0.0,0.0,2.423946672124672,65.81709810522203,0.0,0.5355799122906861,0.0,0.0,2.408111050807023,64.80516938717302,0.0
BFA.9.1_1,28.0,0.8910981152982743,0.6049400612786112,0.0,2.7175773700677603,81.08992849214296,0.0,0.8907152887849051,0.6046923444757064,0.0,2.7169817378939367,81.05509127942635,0.0,0.8920512777701136,0.6050097309692155,0.0,2.724231890154531,81.17666627708034,0.0,0.895719592168715,0.6071269499893984,0.0,2.735349696444108,81.51048288735306,0.0,0.8990410536426657,0.6092769150119502,0.0,2.743900130245846,81.81273588148258,0.0,0.9025107318241732,0.6104011551026428,0.0,2.7541559505836837,82.12847659599977,0.0,0.905993655932154,0.6137992938360911,0.0,2.762106318075009,82.445422689826,0.0,0.9115866667142041,0.6166179605615254,0.0,2.779163598872428,82.95438667099256,0.0,0.9163944000934612,0.6180520920579263,0.0,2.7950210118678664,83.39189040850495,0.0,0.9115826320367718,0.615782074004082,0.0,2.7837187563066914,82.95401951534623,0.0,0.902615699365952,0.6113625021172661,0.0,2.755118417376408,82.13802864230162,0.0,0.8949163198506729,0.6071973265479566,0.0,2.729881347528589,81.43738510641124,0.0
BFA.9.2_1,29.0,1.1726757411792077,1.4595559978571695,0.0,2.6811359425479915,83.25997762372374,0.0,1.1673722599856429,1.4369994159748491,0.0,2.677347576434326,82.88343045898064,0.0,1.177724458359783,1.4819761198356933,0.0,2.6833693478811957,83.6184365435446,0.0,1.2011206351857189,1.6079379402964007,0.0,2.7013304620363123,85.27956509818607,0.0,1.2269364087241048,1.6665117419373734,0.0,2.7212746840721023,87.11248501941145,0.0,1.2500424764756244,1.6680162261619151,0.0,2.7360436993111006,88.75301582976934,0.0,1.2725572275677814,1.6703947598852442,0.0,2.752702891838191,90.35156315731248,0.0,1.3015066539128028,1.6729325170268063,0.0,2.771619759574198,92.406972427809,0.0,1.3328118187315858,1.6746360521917378,0.0,2.801925237998937,94.62963912994259,0.0,1.3078202112934252,1.671598526746155,0.0,2.7814250012730897,92.85523500183321,0.0,1.251433212957732,1.6684942900473276,0.0,2.738765389442542,88.85175811999899,0.0,1.2001380047542591,1.6022952148841016,0.0,2.6992594349178565,85.2097983375524,0.0
BFA.9.3_1,30.0,0.08163289500712248,0.0,0.0,1.7083720040441688,3.5918473803133883,0.0,0.0816306274732582,0.0,0.0,1.7083720040441688,3.5917476088233604,0.0,0.08163467127590661,0.0,0.0,1.7083720040441688,3.591925536139891,0.0,0.08166092164531594,0.0,0.0,1.7085452467513635,3.5930805523939013,0.0,0.08174857762966686,0.0,0.0,1.7103748876966514,3.5969374157053418,0.0,0.08204755014306246,0.0,0.0,1.7166876510743143,3.610092206294748,0.0,0.0823047353545399,0.0,0.0,1.7222211706481976,3.621408355599756,0.0,0.08257538546210859,0.0,0.0,1.7276053245985925,3.633316960332778,0.0,0.08283474288149753,0.0,0.0,1.7332193204667559,3.644728686785892,0.0,0.08236390673031571,0.0,0.0,1.7232484743343919,3.6240118961338914,0.0,0.08190856112137851,0.0,0.0,1.7136268619726978,3.603976689340655,0.0,0.08167448096390209,0.0,0.0,1.7089121818616095,3.593677162411692,0.0
BFA.10.1_1,31.0,1.2383444302726592,1.5438340655606146,0.0,2.4223713413562016,37.15033290817978,0.0,1.2383017252939732,1.5438340655606146,0.0,2.4223713413562016,37.14905175881921,0.0,1.2383017252939732,1.5438340655606146,0.0,2.4223713413562016,37.14905175881921,0.0,1.2383017252939732,1.5438340655606146,0.0,2.4223713413562016,37.14905175881921,0.0,1.238357449583417,1.5438340655606146,0.0,2.4223713413562016,37.15072348750253,0.0,1.2395284614668327,1.5440264029923343,0.0,2.42288874364583,37.185853844004974,0.0,1.2459686272333987,1.5454885202462258,0.0,2.427600351279487,37.37905881700196,0.0,1.254332033382442,1.5477948153245569,0.0,2.434516403771233,37.62996100147326,0.0,1.253469484214187,1.5478846512412172,0.0,2.43227338876212,37.60408452642561,0.0,1.246440115884576,1.5465063036344984,0.0,2.426799912162945,37.39320347653729,0.0,1.2423655340512734,1.5452269336787237,0.0,2.424454085950555,37.27096602153821,0.0,1.239069502443924,1.5440003662864856,0.0,2.4225690319799744,37.17208507331772,0.0
BFA.10.2_1,32.0,1.7558427589052403,1.7302310226903217,1.3379721111300955,2.2646729688377696,50.919440008251975,0.0,1.7390217948618447,1.6939841391303012,1.2941499391562423,2.262668221991589,50.4316320509935,0.0,1.7284523895408317,1.6880722432507311,1.2822418710478425,2.261014081313484,50.12511929668411,0.0,1.7384492157321665,1.6885695537119128,1.2940228995718157,2.262731842786901,50.415027256232825,0.0,1.7500621135381191,1.6977651210121307,1.3200431554876906,2.2655244546112216,50.75180129260546,0.0,1.781688272011985,1.7446138026932874,1.3615926981410993,2.2840430402437644,51.668959888347565,0.0,1.8805999677944336,1.8413082275619024,1.4980663692848348,2.322971327927974,54.53739906603858,0.0,2.017181137307813,1.973063945379128,1.6841871098872292,2.3773546590419468,58.498252981926576,0.0,2.0719715551323,2.0432727347301576,1.7499240410081336,2.3896777659160366,60.08717509883669,0.0,1.9402293470587235,1.9017817277736264,1.5686006475394365,2.334727309381412,56.26665106470298,0.0,1.8393575597819307,1.7903217658677768,1.4278493700342487,2.299425812001142,53.341369233676005,0.0,1.7818690306017664,1.7428118072683478,1.3547890117554091,2.2784615358056017,51.67420188745122,0.0
BFA.10.3_1,33.0,1.8610958483087885,1.9880345753227289,0.08388634458502339,2.422386410591625,104.22136750529215,0.0,1.8554999232737817,1.9862952839017527,0.08388634458502339,2.4223378711389207,103.90799570333178,0.0,1.854753532052496,1.9862952839017527,0.08388634458502339,2.4223378711389207,103.86619779493978,0.0,1.8549622087610167,1.9862952839017527,0.08388634458502339,2.4223378711389207,103.87788369061695,0.0,1.8584561366575905,1.988573144415236,0.08388634458502339,2.422405168175236,104.07354365282507,0.0,1.880656028664761,2.020142992530042,0.08389579513052152,2.4243820525966924,105.31673760522659,0.0,1.9316352058719832,2.077551422973517,0.0840942565859829,2.4357413264799352,108.17157152883108,0.0,1.995719213380987,2.143216808554155,0.08462348713387978,2.445463725436522,111.76027594933524,0.0,2.0064534410972352,2.1478919474734344,0.08463293767937795,2.4460203806104075,112.36139270144515,0.0,1.944884617851304,2.0882693984291056,0.0843021685869424,2.435987640696576,108.91353859967305,0.0,1.9006986125103176,2.0394408604605574,0.08402810276749574,2.4280770028129903,106.4391223005778,0.0,1.8761514533914163,2.0141027862073133,0.08389579513052152,2.423256951352541,105.06448138991932,0.0
BFA.10.4_1,34.0,1.6776548035933974,1.6740992232845977,1.3524705923359055,2.0420590762626323,23.487167250307564,0.0,1.6630669719008961,1.6678762934441689,1.3099925096650482,2.0402696632579924,23.28293760661255,0.0,1.652140763205671,1.6575984272617896,1.3027783463455138,2.0339604853540325,23.1299706848794,0.0,1.6622861780123237,1.6679483348497866,1.3054298737221193,2.0403177650412,23.272006492172533,0.0,1.67309940815247,1.6748710503994753,1.3224066586378471,2.045763766916738,23.42339171413457,0.0,1.7132395220400674,1.7169458079704203,1.3799934045678997,2.079399774707586,23.985353308560942,0.0,1.8250068032915567,1.8269076742987136,1.5145958654222749,2.1605812570159504,25.55009524608181,0.0,1.9613672364478358,1.958865254075167,1.6919286699328753,2.2572150822030324,27.459141310269704,0.0,1.995906419364046,2.0052466552602537,1.73946760837271,2.2732129259433007,27.94268987109665,0.0,1.8618742492689768,1.868959841212444,1.570566564434461,2.1730896676591387,26.06623948976567,0.0,1.7613491175441975,1.769913769892501,1.440535200071445,2.102936427087335,24.65888764561877,0.0,1.702284798523236,1.7100079278147282,1.3744022554415185,2.0525345555289296,23.831987179325303,0.0
BFA.11.1_1,35.0,1.716344052242485,1.7129638911298155,1.0432870436990456,2.290438704133545,54.92300967175953,0.0,1.7012533500922684,1.7075643261663238,1.0291610408360703,2.279377470307997,54.4401072029526,0.0,1.6954698411814515,1.6930969232067743,1.0280682695694423,2.2773258486570884,54.25503491780646,0.0,1.7092760356199344,1.7120101028264676,1.0306470637939449,2.2838115755373867,54.69683313983789,0.0,1.7259183106411395,1.7388913043233625,1.053853893178086,2.2926927176036256,55.22938594051647,0.0,1.7684428512157102,1.7882478817338727,1.121804749526527,2.3052363777812626,56.59017123890274,0.0,1.8625254367352089,1.8789517373445523,1.277319458366902,2.3377097839786902,59.60081397552668,0.0,1.9886848608570529,2.003238273436045,1.4854827322248558,2.382205035769483,63.63791554742569,0.0,2.0456060309334205,2.066121887568263,1.5796649620465624,2.4029984889860123,65.45939298986946,0.0,1.9256317338071651,1.9387846448474857,1.3911712855750848,2.36157687841048,61.620215481829284,0.0,1.813055735342052,1.8213185946588315,1.2030715859008594,2.324304612647049,58.01778353094564,0.0,1.7431554744627642,1.740870223426462,1.1053879489297622,2.297330149439694,55.780975182808454,0.0
BFA.11.2_1,36.0,1.3698860508538702,1.3458914511272615,1.0706633682781843,1.9382008439825973,17.808518661100308,0.0,1.3431720783714332,1.3286842168912365,1.0177536591006762,1.9315679500079848,17.46123701882863,0.0,1.3140309651364972,1.2835920145481503,1.0037350689310065,1.906860658456485,17.082402546774464,0.0,1.329347277454462,1.302135580756738,1.0072817175437612,1.9230533547823183,17.281514606908008,0.0,1.3544575947313793,1.3345350511897245,1.0388270199970573,1.934469114681296,17.607948731507932,0.0,1.3863379954614277,1.3582550368367714,1.0957779000098422,1.9461759578999576,18.02239394099856,0.0,1.5180699991649953,1.493013225114498,1.2521036768439509,2.020471561768691,19.734909989144946,0.0,1.7145510384659108,1.7021288249251378,1.4688490434822263,2.136257304898052,22.28916350005684,0.0,1.8045789262056915,1.7996247801737804,1.5799600584177529,2.1935084854860603,23.459526040673985,0.0,1.6419616386650668,1.6163896106374582,1.3989385926218292,2.088576016727149,21.345501302645868,0.0,1.502207834713062,1.4798371379081616,1.2342105155003844,2.011343529608743,19.528701851269805,0.0,1.4076052047655063,1.3985289498061928,1.1022787495103492,1.957574517537654,18.298867661951586,0.0
BFA.11.3_1,37.0,1.2986687289119616,1.2492451403972722,0.8359900873916226,1.8522114005785069,35.064055680622964,0.0,1.2652241278840382,1.2332419534954184,0.8196331050116947,1.8410389724822669,34.16105145286903,0.0,1.2598051641153805,1.2283162183407217,0.8182751928838334,1.819632026949992,34.014739431115274,0.0,1.2653808184002244,1.2316184683138192,0.8182751928838334,1.848503208456005,34.16528209680606,0.0,1.2772506622088855,1.2416079245283478,0.8305496695359715,1.8581332434054365,34.48576787963991,0.0,1.3384542153391707,1.3103214335250353,0.9170156668000968,1.8926889005991248,36.13826381415762,0.0,1.4731219896546068,1.4486233169083271,1.0879066526406576,1.975722747647808,39.77429372067439,0.0,1.6563105505798066,1.6377508689166316,1.3133065444591705,2.1045064399616544,44.72038486565479,0.0,1.7469877397605895,1.724978677987392,1.4327686267702235,2.1564309394727164,47.16866897353592,0.0,1.5671654854840067,1.5254680278250543,1.191148588116049,2.034200661568243,42.31346810806818,0.0,1.4130938596713642,1.3705401043167402,0.998312053329662,1.9348911125375283,38.153534211126825,0.0,1.3313886399873478,1.3013726446916056,0.9030028269349786,1.8627733339858177,35.947493279658396,0.0
BFA.12.1_1,38.0,0.09492947002415834,0.0,0.0,1.1525149952230065,7.784216541980982,0.0,0.09492947002415834,0.0,0.0,1.1525149952230065,7.784216541980982,0.0,0.09492947002415834,0.0,0.0,1.1525149952230065,7.784216541980982,0.0,0.09492947002415834,0.0,0.0,1.1525149952230065,7.784216541980982,0.0,0.09492947002415834,0.0,0.0,1.1525149952230065,7.784216541980982,0.0,0.09493703998988656,0.0,0.0,1.152945611894745,7.784837279170697,0.0,0.09499001016409486,0.0,0.0,1.1556010813704665,7.789180833455777,0.0,0.09503163992662253,0.0,0.0,1.155959928596915,7.792594473983046,0.0,0.09498646250825814,0.0,0.0,1.155457542479887,7.788889925677168,0.0,0.09493600254036368,0.0,0.0,1.1528738424494551,7.784752208309821,0.0,0.09492949302020263,0.0,0.0,1.1525149952230065,7.784218427656616,0.0,0.09492947002415834,0.0,0.0,1.1525149952230065,7.784216541980982,0.0
BFA.12.2_1,39.0,0.2993871342199415,0.0,0.0,2.051426261716767,16.765679516316723,0.0,0.2993871342199415,0.0,0.0,2.051426261716767,16.765679516316723,0.0,0.2993871342199415,0.0,0.0,2.051426261716767,16.765679516316723,0.0,0.2993871342199415,0.0,0.0,2.051426261716767,16.765679516316723,0.0,0.2993871342199415,0.0,0.0,2.051426261716767,16.765679516316723,0.0,0.29941065625937,0.0,0.0,2.051426261716767,16.766996750524722,0.0,0.29959062473544024,0.0,0.0,2.052607605470255,16.777074985184655,0.0,0.2998999751049305,0.0,0.0,2.058321929733679,16.79439860587611,0.0,0.29983871747663315,0.0,0.0,2.056110119940549,16.790968178691458,0.0,0.299545731557688,0.0,0.0,2.051936405715319,16.774560967230528,0.0,0.2994175277549462,0.0,0.0,2.051426261716767,16.767381554276987,0.0,0.2993896305986105,0.0,0.0,2.051426261716767,16.76581931352219,0.0
BFA.12.3_1,40.0,0.05079896790940925,0.0,0.0,0.8467992362110476,5.232293694669153,0.0,0.05079896790940925,0.0,0.0,0.8467992362110476,5.232293694669153,0.0,0.05079896790940925,0.0,0.0,0.8467992362110476,5.232293694669153,0.0,0.05079896790940925,0.0,0.0,0.8467992362110476,5.232293694669153,0.0,0.05079896790940925,0.0,0.0,0.8467992362110476,5.232293694669153,0.0,0.050800128575000526,0.0,0.0,0.8467992362110476,5.232413243225055,0.0,0.050810109998174736,0.0,0.0,0.8467992362110476,5.233441329811998,0.0,0.05083076180216165,0.0,0.0,0.8467992362110476,5.23556846562265,0.0,0.05083070979269525,0.0,0.0,0.8467992362110476,5.235563108647611,0.0,0.050816131351687104,0.0,0.0,0.8467992362110476,5.234061529223772,0.0,0.05080724575006256,0.0,0.0,0.8467992362110476,5.2331463122564434,0.0,0.050799935130735316,0.0,0.0,0.8467992362110476,5.232393318465737,0.0
BFA.12.4_1,41.0,1.4362070936070659,1.7432953131909623,0.0,2.4443854701702845,74.68276886756743,0.0,1.4349817504966984,1.740876773332012,0.0,2.4441817010476448,74.61905102582831,0.0,1.4350914997006936,1.7415710957324722,0.0,2.4441817010476448,74.62475798443606,0.0,1.435837795061499,1.7444830713384043,0.0,2.4441817010476448,74.66356534319793,0.0,1.4385954911870769,1.7494602196386504,0.0,2.4444812157890827,74.806965541728,0.0,1.4508995775310538,1.7901073271713237,0.0,2.4473174056895046,75.4467780316148,0.0,1.4748443868489565,1.881669584862105,0.0,2.4559310305996496,76.69190811614574,0.0,1.5031340468872367,1.9442869163405407,0.0,2.4629374160979287,78.16297043813633,0.0,1.5061493184777852,1.9488597922461688,0.0,2.4644771352781207,78.31976456084483,0.0,1.4775771018013126,1.8879670419713508,0.0,2.456284947388705,76.83400929366827,0.0,1.456714455561296,1.816890225808484,0.0,2.44730361680531,75.7491516891874,0.0,1.4456414237116826,1.7649364596136774,0.0,2.4458019540242515,75.1733540330075,0.0
BFA.13.1_1,42.0,0.6864252193975373,0.38560698072504174,0.0,2.3417766366591684,19.219906143131045,0.0,0.6867989420745373,0.38560698072504174,0.0,2.3485212637082302,19.230370378087045,0.0,0.6877369853609222,0.3860201280848517,0.0,2.3609742370574707,19.256635590105823,0.0,0.6896576221622972,0.3866941553742009,0.0,2.3901857112818288,19.310413420544318,0.0,0.6913994508363429,0.38686061115078346,0.0,2.4200651194592644,19.3591846234176,0.0,0.6930439171960712,0.3871370654927943,0.0,2.4464905748921155,19.405229681489992,0.0,0.6945843318605455,0.3871817096309692,0.0,2.4686005025651516,19.44836129209527,0.0,0.6967013359343872,0.3872380892153205,0.0,2.5050030393554903,19.507637406162843,0.0,0.6991595791192471,0.38745816397298,0.0,2.5430543893776747,19.57646821533892,0.0,0.6967020542351268,0.38716682825157744,0.0,2.5089004318333528,19.50765751858355,0.0,0.6919433248908916,0.386674747759957,0.0,2.4316102636537287,19.37441309694497,0.0,0.6877120501857767,0.3859903653260683,0.0,2.361937963361961,19.25593740520175,0.0
BFA.13.2_1,43.0,0.6785101686094408,0.5106258994243142,0.0,2.068636454643888,14.927223709407695,0.0,0.6790268537906553,0.5106569317707841,0.0,2.071087885830383,14.938590783394414,0.0,0.679560171212485,0.5112483899417024,0.0,2.0728668747622083,14.950323766674671,0.0,0.6811892310693145,0.5122147047005141,0.0,2.0790673572377405,14.986163083524918,0.0,0.6834162056733355,0.5133131464214526,0.0,2.088454691559663,15.035156524813381,0.0,0.6868800058832857,0.5155053783152335,0.0,2.1018039566944915,15.111360129432285,0.0,0.6916597489330338,0.5184445697845866,0.0,2.1219970872924163,15.216514476526743,0.0,0.6972450866559186,0.521539645079466,0.0,2.144723165134162,15.339391906430205,0.0,0.7000009099867851,0.5235134357583421,0.0,2.155245337705784,15.400020019709272,0.0,0.6935837078169352,0.5194848615717036,0.0,2.1288443214125334,15.258841571972575,0.0,0.6855559433818076,0.5141641191016799,0.0,2.096275445143256,15.082230754399767,0.0,0.6799793355671847,0.5113830989496333,0.0,2.074477484981025,14.959545382478066,0.0
BFA.13.3_1,44.0,0.6087417830023212,0.0,0.0,3.748940531456888,14.001061009053387,0.0,0.6096950668691767,0.0,0.0,3.7507416564963285,14.022986537991063,0.0,0.6110064745297307,0.0,0.0,3.7543297552836092,14.053148914183804,0.0,0.6141599008619911,0.0,0.0,3.764309958048516,14.125677719825795,0.0,0.6164523150443787,0.0,0.0,3.7721161942998336,14.17840324602071,0.0,0.6167266763391008,0.0,0.0,3.772660294412908,14.18471355579932,0.0,0.6157787161800189,0.0,0.0,3.7705678109112037,14.162910472140435,0.0,0.617047102559528,0.0,0.0,3.773495752988246,14.192083358869144,0.0,0.619648610560731,0.0,0.0,3.7808638376582198,14.251918042896811,0.0,0.6194287554708499,0.0,0.0,3.7811327522137215,14.246861375829544,0.0,0.6153000755479614,0.0,0.0,3.768994755839916,14.151901737603113,0.0,0.6103552727296974,0.0,0.0,3.7538204349186235,14.038171272783039,0.0
BFA.13.4_1,45.0,1.491896449048606,0.8946747266917494,0.0,5.2468922242717735,91.00568339196495,0.0,1.4958460225702543,0.8946747266917494,0.0,5.266932264663323,91.2466073767855,0.0,1.5026846856173672,0.8946747266917494,0.0,5.302595230106974,91.6637658226594,0.0,1.5166548170154577,0.8946747266917494,0.0,5.3759941455227125,92.5159438379429,0.0,1.530518783188736,0.8946747266917494,0.0,5.452738504888574,93.36164577451292,0.0,1.5371921815733605,0.8946747266917494,0.0,5.485169392418671,93.768723075975,0.0,1.5395492262758388,0.8946747266917494,0.0,5.491216652565575,93.91250280282615,0.0,1.5458756193991112,0.8946747266917494,0.0,5.51709508258932,94.29841278334578,0.0,1.5693077047123438,0.8946747266917494,0.0,5.6427933930342125,95.72776998745294,0.0,1.5662530385738074,0.8946747266917494,0.0,5.632291160323306,95.54143535300226,0.0,1.5344915430912849,0.8946747266917494,0.0,5.4642208512618025,93.60398412856836,0.0,1.5020642901589252,0.8946747266917494,0.0,5.301325121779213,91.62592169969444,0.0
