GID_2,adm_id,mean_01,median_01,min_01,max_01,sum_01,perc_nodata_01,mean_02,median_02,min_02,max_02,sum_02,perc_nodata_02,mean_03,median_03,min_03,max_03,sum_03,perc_nodata_03,mean_04,median_04,min_04,max_04,sum_04,perc_nodata_04,mean_05,median_05,min_05,max_05,sum_05,perc_nodata_05,mean_06,median_06,min_06,max_06,sum_06,perc_nodata_06,mean_07,median_07,min_07,max_07,sum_07,perc_nodata_07,mean_08,median_08,min_08,max_08,sum_08,perc_nodata_08,mean_09,median_09,min_09,max_09,sum_09,perc_nodata_09,mean_10,median_10,min_10,max_10,sum_10,perc_nodata_10,mean_11,median_11,min_11,max_11,sum_11,perc_nodata_11,mean_12,median_12,min_12,max_12,sum_12,perc_nodata_12
MOZ.1.1_1,1.0,97848.12295317481,97748.57415901848,96119.85093173133,100547.915878081,5088102.3935650885,0.0,97893.90419751883,97795.96696753208,96163.72712716668,100593.5529269366,5090483.018270978,0.0,97846.25551458012,97747.52559629756,96119.18799738877,100541.6642275528,5088005.286758167,0.0,98001.39668423444,97907.96009163524,96269.90604958207,100701.08131602114,5096072.62758019,0.0,98301.04820858127,98207.27335657476,96561.86824244617,101009.91285211267,5111654.506846227,0.0,98490.98310393355,98396.6190120207,96744.51175296678,101213.09149427817,5121531.121404545,0.0,98514.9525136718,98419.71279500947,96758.77094957928,101256.85304797534,5122777.530710935,0.0,98563.37039885725,98467.9684029866,96800.73298869267,101318.7443882042,5125295.260740576,0.0,98367.11743017123,98271.06278385967,96605.34182257668,101125.56838688377,5115090.106368904,0.0,98080.16078796287,97982.6232029384,96331.45232031443,100820.48784110916,5100168.36097407,0.0,97894.05004000233,97796.60609669569,96156.44387481539,100614.18337367957,5090490.602080122,0.0,97782.9629663215,97685.89839096498,96054.5574842642,100484.77420774646,5084714.074248718,0.0
MOZ.1.2_1,2.0,95427.49281997351,95279.30658158276,94717.78415288213,96800.30173233325,4485092.162538757,0.0,95481.15537151364,95327.36330381084,94770.87359041956,96862.7098282886,4487614.302461141,0.0,95434.42509195293,95284.19876940583,94724.06114896027,96809.18682140646,4485417.979321787,0.0,95618.07577304544,95448.929649955,94907.47853501028,97020.63539899117,4494049.561333137,0.0,95907.13679403004,95735.43160524561,95189.53257725068,97327.88164013684,4507635.4293194115,0.0,96099.60849203794,95923.64568586496,95378.27530871703,97529.2300637517,4516681.599125782,0.0,96099.71921217784,95926.43402717203,95375.856037976,97533.06163298033,4516686.802972359,0.0,96120.91272409762,95953.27390336363,95400.93973777464,97547.05645180242,4517682.898032588,0.0,95917.13588935343,95753.15604535717,95199.63764227583,97333.25360241492,4508105.386799612,0.0,95626.8076713525,95474.41341863967,94917.13902741278,97016.2251377527,4494459.960553567,0.0,95451.83922263447,95304.78043288142,94745.29679661027,96828.7559262818,4486236.443463822,0.0,95376.7368496917,95220.2696433598,94668.87247432256,96763.28061720732,4482706.63193551,0.0
MOZ.1.3_1,3.0,97843.34128707534,97657.35293863095,96210.52270354884,100456.479320215,3620203.627621788,0.0,97894.93154582103,97712.36746327886,96261.2189618304,100507.6557756611,3622112.46719538,0.0,97844.91667627213,97662.02909959284,96214.34252931103,100453.89158111883,3620261.9170220685,0.0,98019.7129925276,97852.85698154473,96382.17696907674,100626.06600363387,3626729.380723522,0.0,98324.39234099568,98165.79198997775,96680.46454787637,100932.95412928457,3638002.51661684,0.0,98517.70783214686,98362.60446658668,96868.97319811683,101136.10215035608,3645155.189789434,0.0,98538.63758610057,98376.81961067584,96878.81635536195,101178.66142834132,3645929.590685722,0.0,98580.08920124342,98405.37587974024,96914.01104152224,101237.79867419477,3647463.3004460083,0.0,98377.80815127485,98196.25594131436,96712.30933883094,101041.05355059913,3639978.9015971688,0.0,98079.33262981533,97886.66329473599,96424.65209433828,100733.19914802037,3628935.3073031683,0.0,97891.08794141695,97698.27873201313,96249.18135324486,100525.61414006351,3621970.2538324273,0.0,97787.538545499,97608.82648238805,96154.19489195578,100400.55456991856,3618138.926183463,0.0
MOZ.1.4_1,4.0,99425.5868138057,99636.902478559,97356.84184619132,100602.94881059683,3479895.5384831987,0.0,99462.47562828756,99671.6039512568,97393.04021221127,100641.40702364617,3481186.6469900636,0.0,99416.47798586464,99625.47924681797,97349.6025960532,100594.26152986099,3479576.7295052623,0.0,99536.91751090674,99740.86227244047,97470.25945124683,100718.71162457578,3483792.1128817364,0.0,99844.3155006944,100048.78350612556,97760.90528197993,101037.82486644179,3494551.042524304,0.0,100036.15128595813,100239.88100017652,97941.28966322087,101237.25068759656,3501265.2950085336,0.0,100072.0472628818,100277.90056155123,97969.37572124618,101279.67492848383,3502521.6542008636,0.0,100134.78490223033,100342.84496487453,98030.07505991076,101344.51913116334,3504717.471578062,0.0,99947.80263271312,100157.31844701422,97849.3337490573,101153.30460511048,3498173.0921449587,0.0,99665.74072491804,99877.62189570745,97581.46592346867,100858.87564862828,3488300.925372132,0.0,99473.21267357284,99684.434515405,97400.84247105813,100657.68143702627,3481562.4435750493,0.0,99352.49878939409,99561.77791407212,97285.83576066588,100532.628304456,3477337.4576287926,0.0
MOZ.1.5_1,5.0,100204.31513078073,100327.20175200047,99532.0402285686,100657.24336306828,501021.5756539036,0.0,100253.01054976424,100376.94367317967,99579.61858664377,100706.84148823489,501265.0527488213,0.0,100200.4167797846,100323.67959039909,99528.13038385351,100653.49237275137,501002.08389892295,0.0,100366.73615615725,100492.40539369224,99691.96272708249,100822.70965546474,501833.68078078615,0.0,100671.6300693692,100798.36593879043,99993.23753130656,101130.29340791538,503358.150346846,0.0,100872.78467805448,101000.27267190193,100190.41862083472,101334.5173871218,504363.9233902724,0.0,100914.51274851953,101042.609120534,100228.15458533104,101378.27894081897,504572.5637425978,0.0,100974.78178010897,101102.19950904202,100287.10794349447,101439.33757646564,504873.9089005449,0.0,100780.67511917024,100907.23630983332,100093.09660306216,101244.07344752805,503903.3755958514,0.0,100476.655358763,100601.65363679397,99794.85282124062,100935.86453002461,502383.276793815,0.0,100272.2326387668,100395.73381175716,99595.09164430213,100727.8870140366,501361.16319383396,0.0,100145.20035119004,100269.3097671068,99471.42725500886,100599.31309915037,500726.0017559501,0.0
MOZ.1.6_1,6.0,97827.84132563477,97749.02070868912,96733.10147164633,99845.49379386328,4793564.224956104,0.0,97868.71790478672,97787.45500801725,96775.19970150894,99888.17983499801,4795567.17733455,0.0,97825.1787237747,97746.15778981287,96732.13409923472,99840.83051436473,4793433.75746496,0.0,97961.76139403414,97882.24834568404,96873.09842863516,99981.54058748996,4800126.308307673,0.0,98262.68753068826,98182.32155532992,97168.14304086668,100292.97795291775,4814871.689003725,0.0,98453.09199173287,98373.328608157,97354.5508649573,100489.69526108081,4824201.507594911,0.0,98473.44991614693,98389.79051563848,97369.64807053852,100525.58222708393,4825199.045891198,0.0,98519.46269275477,98433.36570555693,97409.61486217756,100582.012081161,4827453.671944981,0.0,98324.58468588912,98238.44343567887,97213.12664165423,100384.88998076557,4817904.649608566,0.0,98045.1443586651,97958.67826220846,96936.67446744851,100088.10962227797,4804212.07357459,0.0,97861.66684308957,97776.51902829118,96758.97385561516,99891.92992049873,4795221.675311388,0.0,97756.33985222183,97676.4160772313,96663.07886843763,99775.90090754077,4790060.652758871,0.0
MOZ.1.7_1,7.0,99778.9882967902,99909.36105052617,98159.35428107496,100772.90715945372,2793811.672310125,3.4482758620689653,99809.08637371543,99934.864194367,98187.99886237546,100805.85412659352,2794654.418464032,3.4482758620689653,99763.87278906957,99890.77138986104,98145.7434030368,100757.71641752662,2793388.438093948,3.4482758620689653,99877.95653567488,100001.44810547943,98256.10060213166,100870.18130395935,2796582.7829988967,3.4482758620689653,100174.7195458674,100291.96384164877,98536.81190556564,101179.76765125232,2804892.1472842875,3.4482758620689653,100367.00544309652,100484.77189587342,98717.97858705984,101379.19530310092,2810276.1524067027,3.4482758620689653,100406.41504954381,100524.62436531967,98752.66107276909,101422.5832954791,2811379.621387226,3.4482758620689653,100475.04818705877,100592.30126959592,98819.61948846393,101494.85083787203,2813301.349237645,3.4482758620689653,100293.5171871204,100410.77347406127,98642.74849943069,101311.6774773967,2808218.4812393715,3.4482758620689653,100015.26990777043,100133.13421186023,98379.9546018492,101026.35060957838,2800427.5574175715,3.4482758620689653,99823.23362581164,99945.33602724287,98198.45453260368,100825.85940828368,2795050.5415227255,3.4482758620689653,99701.09469060363,99827.14657284199,98080.35746216193,100696.01185795724,2791630.6513369014,3.4482758620689653
MOZ.1.8_1,8.0,96644.72884500015,96586.17355334693,94955.81387634297,98415.30671171915,13916840.953680025,0.0,96687.10735355245,96630.24238884586,95003.31620812457,98452.13510385207,13922943.458911553,0.0,96647.28934067527,96589.99931284158,94960.07477625935,98418.41446361912,13917209.665057242,0.0,96797.30331504304,96746.19347489078,95131.46612458855,98559.36369506094,13938811.677366195,0.0,97087.62379291463,97035.01885239377,95402.18639921414,98852.48002526356,13980617.826179706,0.0,97282.56466085324,97235.06561213222,95596.25677064227,99059.5936124026,14008689.311162867,0.0,97289.09131463268,97239.214171955,95595.45958432216,99061.46910756103,14009629.149307106,0.0,97316.60807270482,97259.22571542927,95617.15259059836,99083.04471648755,14013591.562469495,0.0,97116.2110164978,97055.94852487363,95420.77357373493,98880.5273861031,13984734.386375684,0.0,96835.23167348873,96771.38038304572,95140.6122275615,98590.41993741607,13944273.360982375,0.0,96659.31463500485,96595.63628877242,94969.81288720947,98411.50251434119,13918941.307440694,0.0,96574.97947599317,96516.07433292543,94893.83642647168,98338.33486498434,13906797.044543015,0.0
MOZ.1.9_1,9.0,97067.50698232463,97538.79624847416,92709.19058716383,99368.80520814679,8833143.13539154,0.0,97098.95420070004,97567.33642903902,92735.68067304141,99396.0039265317,8836004.832263703,0.0,97064.00443257453,97532.93633183435,92702.34051996103,99361.10484869203,8832824.40336428,0.0,97189.16542043166,97640.49888607176,92806.915530206,99479.25474731023,8844214.053259281,0.0,97467.8662914974,97924.1579252698,93040.5962886526,99770.7021896124,8869575.832526265,0.0,97659.24189840334,98118.625114257,93199.62609056658,99977.35501695203,8886991.012754705,0.0,97667.11987639556,98129.38549666268,93203.5983152856,99988.56192551967,8887707.908751994,0.0,97707.7798695932,98172.57447896198,93263.0667398759,100029.6637309175,8891407.968132982,0.0,97518.74831009783,97980.36635351344,93101.44048967064,99834.61223443864,8874206.096218903,0.0,97252.59606300962,97715.70533702766,92873.49565269065,99560.46461258632,8849986.241733877,0.0,97081.1506900702,97546.96457845977,92727.0571980508,99379.5444347352,8834384.712796388,0.0,96990.52016153984,97459.86437873484,92631.69944961347,99288.11623977542,8826137.334700126,0.0
MOZ.1.10_1,10.0,97645.13589895453,98067.87238864439,94216.69964449108,100201.78490648439,1659967.3102822271,0.0,97681.6799671805,98103.17192654024,94250.17652153844,100237.19850944278,1660588.5594420687,0.0,97638.98811754241,98059.41034193321,94212.53492232019,100190.58496519619,1659862.797998221,0.0,97764.23770504227,98180.66893036598,94331.50537390313,100310.74694960329,1661992.0409857188,0.0,98055.32518811,98471.81797733414,94591.58072560736,100621.59294705284,1666940.52819787,0.0,98239.1958914142,98654.92798797967,94755.90347194174,100815.73207082473,1670066.3301540408,0.0,98264.57148714432,98686.27973871167,94770.92284934915,100854.51507899504,1670497.7152814534,0.0,98321.40017716034,98747.09300900348,94832.401475865,100917.41377264721,1671463.8030117254,0.0,98137.6995151094,98565.53401167756,94663.79772745036,100728.84979575347,1668340.8917568596,0.0,97866.7800709398,98296.50643734774,94417.7505698321,100444.77079207083,1663735.2612059766,0.0,97684.01674049435,98110.57624680408,94254.41452611914,100246.90345287774,1660628.284588404,0.0,97572.46174538594,97994.08830003763,94146.42122903623,100126.00374775901,1658731.849671561,0.0
MOZ.1.11_1,11.0,96577.2688802611,96602.70926846602,95314.11313149227,97687.45470310492,4828863.444013055,0.0,96634.05973581577,96661.0333837828,95367.74543564064,97744.5233542788,4831702.9867907865,0.0,96584.10053127627,96610.359599439,95320.9327106134,97693.00722654047,4829205.026563813,0.0,96776.48187317113,96801.39898338236,95501.04715883262,97888.06910518568,4838824.093658557,0.0,97082.37266867208,97108.58588251649,95793.742760733,98202.87725186364,4854118.633433604,0.0,97276.99374827868,97301.68683282984,95980.6649091775,98401.83317383908,4863849.687413934,0.0,97284.19445766447,97309.61016772618,95983.92186435893,98415.29259515893,4864209.722883225,0.0,97307.82535465911,97335.74224111608,96010.9358520239,98440.34960144047,4865391.267732956,0.0,97099.03738944008,97127.14298902608,95807.88986072883,98230.09470410904,4854951.869472004,0.0,96794.69777881776,96819.63040476758,95519.96041994775,97916.32981543892,4839734.888940888,0.0,96612.3595691174,96636.45092869972,95347.37656733768,97727.89814137015,4830617.97845587,0.0,96531.4986610761,96559.33198031662,95265.13044004943,97641.33877495902,4826574.933053805,0.0
MOZ.1.12_1,12.0,98126.16194424052,98494.72455924687,95353.53628836203,99426.7963601884,2256901.724717532,0.0,98151.99933678648,98522.58034458582,95379.79322058034,99453.54013786504,2257495.984746089,0.0,98111.12283260569,98479.42492026846,95342.65467774916,99409.0062813064,2256555.82514993,0.0,98218.06775496356,98588.33112537242,95445.20189464338,99519.25141502016,2259015.5583641618,0.0,98492.89971758652,98870.03386539976,95698.8728850724,99806.86625138904,2265336.693504489,0.0,98676.20268144144,99053.152597694,95869.05887515588,99996.44882483566,2269552.6616731533,0.0,98708.2932546834,99088.57865905203,95888.48656700547,100034.97717948168,2270290.7448577182,0.0,98773.55490123166,99155.22271293816,95952.32528441706,100101.89719327498,2271791.7627283284,0.0,98597.29824602287,98978.66618809836,95784.45509182873,99922.05418355047,2267737.859658526,0.0,98334.78621114224,98713.3818543402,95542.82508077288,99648.35435647775,2261700.0828562714,0.0,98157.86852087386,98531.75259370908,95382.1412561952,99462.98656026664,2257630.9759801,0.0,98044.06450897073,98414.29164204176,95272.66091499693,99345.67972504826,2255013.4837063267,0.0
MOZ.1.13_1,13.0,100157.89498085108,100172.46424406674,99405.40292740047,100906.76061839786,2503947.374521277,3.8461538461538463,100179.04759671864,100196.92238116107,99429.33000243672,100929.8917253521,2504476.1899179663,3.8461538461538463,100133.72084230717,100152.30001655364,99386.32897085822,100883.62951144364,2503343.021057679,3.8461538461538463,100238.76713689722,100259.67245185583,99493.08739612503,100995.53405589786,2505969.1784224305,3.8461538461538463,100524.73659481196,100541.18777661117,99776.62400318902,101290.61196082746,2513118.414870299,3.8461538461538463,100719.85355672408,100735.62191380547,99966.53755156463,101493.16543794012,2517996.3389181024,3.8461538461538463,100759.66259677077,100775.82136466194,100004.68401156928,101534.42633142603,2518991.564919269,3.8461538461538463,100831.92956884073,100849.94519854175,100071.74892832976,101608.82097271127,2520798.2392210183,3.8461538461538463,100654.05939494107,100674.55675889699,99893.12252625334,101428.7734375,2516351.4848735267,3.8461538461538463,100377.18564740688,100399.66869611057,99620.03602158873,101143.69817341547,2509429.641185172,3.8461538461538463,100191.62570331428,100211.1619298335,99437.77342938636,100949.27184198944,2504790.642582857,3.8461538461538463,100072.38880888767,100090.26659490453,99321.62536293356,100824.86399647886,2501809.720222192,3.8461538461538463
MOZ.1.14_1,14.0,99832.03085618268,99922.71666205792,98292.49795309137,100614.78584491592,1397648.431986557,0.0,99875.49041940256,99965.7538427126,98335.49078925756,100657.7651184323,1398256.8658716357,0.0,99826.60930744503,99916.82474681396,98288.06106869123,100609.16605384595,1397572.5303042305,0.0,99975.75816032516,100063.55601342722,98434.31214141053,100758.51034700367,1399660.6142445523,0.0,100282.62401302652,100371.19458883176,98732.30123096607,101071.1731396691,1403956.7361823714,0.0,100480.12106992687,100568.26805948396,98922.01927640352,101272.9443550406,1406721.6949789762,0.0,100518.2145064538,100606.90265296359,98950.8043915596,101315.12795956539,1407255.003090353,0.0,100577.62749661293,100666.79627428052,99005.95637025581,101376.57464698436,1408086.784952581,0.0,100383.46777865604,100472.8383482166,98813.0723183961,101181.73373582913,1405368.5489011845,0.0,100086.37601482807,100175.82496077748,98528.4279647692,100878.73925209693,1401209.2642075927,0.0,99887.66895754283,99976.97644990716,98340.62851835172,100674.66127756787,1398427.3654055998,0.0,99765.21570884016,99855.18081583935,98223.88537766713,100548.98639924217,1396713.0199237624,0.0
MOZ.1.15_1,15.0,100043.37939088693,100210.45738624444,98377.63007621188,100795.88248445354,1300563.93208153,0.0,100084.89266716807,100251.71827973037,98420.19415613398,100836.83258173683,1301103.6046731852,0.0,100037.23071523683,100203.58057066344,98372.53996078408,100788.68346084078,1300483.9992980792,0.0,100175.58027284099,100343.46975160149,98514.57191808724,100924.69645428732,1302282.543546933,0.0,100486.70431747717,100653.34513834953,98813.7330210486,101241.00000205915,1306327.156127203,0.0,100684.46967855886,100852.40557384852,99003.0709683564,101443.39664168992,1308898.1058212654,0.0,100723.88215367073,100893.95030805266,99032.83766950428,101487.1581953871,1309410.4679977193,0.0,100784.97780514283,100957.43300776758,99088.37778915344,101552.49756891183,1310204.711466857,0.0,100592.5765931982,100767.12517972932,98896.11198686699,101361.2198864082,1307703.4957115771,0.0,100295.82707242917,100469.3696314082,98612.5686242502,101060.04359578477,1303845.7519415792,0.0,100097.6277015464,100269.17353984923,98424.61412409754,100856.707422251,1301269.160120103,0.0,99974.79393322904,100142.81194048704,98307.78678863015,100728.22637839176,1299672.3211319777,0.0
MOZ.2.1_1,16.0,100691.59998829477,100690.09461595408,100445.40084738396,100914.92065484807,1812448.799789306,0.0,100759.68244963037,100761.47458442448,100516.72518203832,100979.50427403668,1813674.2840933462,0.0,100929.85424024175,100931.06241559508,100684.90161715436,101147.45060764674,1816737.3763243519,0.0,101176.04299394306,101176.59196638835,100931.3643732576,101405.30188490632,1821168.7738909759,0.0,101503.9073469118,101505.5639267551,101257.80972000674,101735.90550745047,1827070.3322444118,0.0,101793.48945251416,101794.96710271279,101546.09139708901,102032.60940360061,1832282.8101452547,0.0,101574.28169405746,101577.53835542477,101332.35399974817,101813.98281378637,1828337.070493034,0.0,101644.71285759287,101646.86618745684,101399.12462584928,101876.02338943868,1829604.8314366715,0.0,101533.54990060886,101534.67846985617,101284.02597404162,101762.12897462431,1827603.89821096,0.0,101039.7912195227,101041.78810534312,100793.74793171608,101259.08006601721,1818716.2419514088,0.0,100792.26456045324,100793.90491840897,100551.21118430773,101016.93895185416,1814260.7620881584,0.0,100800.95748808568,100800.92859584693,100556.75508697117,101025.54708895787,1814417.2347855426,0.0
MOZ.2.2_1,17.0,100610.98595541078,100582.4946982162,100236.82302493062,100965.75707955618,4527494.367993485,0.0,100703.0905605904,100675.62961029814,100330.82051776248,101044.56890664133,4531639.075226568,0.0,100865.8846819535,100833.9160785945,100497.21184872476,101211.06251527401,4538964.810687907,0.0,101116.78347627526,101086.23314096482,100738.20226718656,101467.05783413473,4550255.256432387,0.0,101454.53998681076,101427.39199971636,101067.77628198867,101803.51928076106,4565454.299406484,0.0,101741.79175350652,101714.52899006863,101349.81605720986,102097.74322752011,4578380.628907793,0.0,101554.08214303096,101526.84431397072,101158.65887097068,101893.76816091836,4569933.696436394,0.0,101604.3732532802,101579.19599480263,101218.15406841348,101948.75988964707,4572196.79639761,0.0,101471.58479734199,101439.90135418961,101089.51060881127,101826.61868713182,4566221.31588039,0.0,100978.5107985318,100947.04905304818,100607.03332170307,101326.48296431226,4544032.985933932,0.0,100747.51764721856,100721.24475904762,100373.27402193434,101087.93278237883,4533638.294124835,0.0,100732.52054508087,100702.56855264195,100359.88311342256,101084.24191994796,4532963.42452864,0.0
MOZ.2.3_1,18.0,98334.12339751066,98452.12243137872,96256.12353848107,99894.6290818368,14061779.645844026,0.0,98394.48254093702,98508.07572429268,96310.55916251297,99971.90168559182,14070411.003353998,0.0,98559.86838119137,98681.50946801816,96477.29407507203,100128.91544756296,14094061.178510364,0.0,98813.69446507584,98938.96493928146,96714.53564769744,100392.74944597213,14130358.308505844,0.0,99141.43172895508,99272.10517288386,97016.08397553922,100740.05411147515,14177224.737240575,0.0,99431.04892747836,99567.3617313302,97291.41435194963,101033.93225180237,14218639.996629406,0.0,99247.64106568252,99383.5663531039,97107.31987983073,100862.80946741457,14192412.672392605,0.0,99264.64341529533,99388.81210733236,97132.37401826707,100879.39179160378,14194844.008387236,0.0,99118.23893487519,99233.79801543502,96985.60746586518,100727.30424368524,14173908.167687152,0.0,98624.41058424868,98733.03216866298,96519.20963889296,100220.93658490787,14103290.71354756,0.0,98415.21803382096,98524.49759260047,96324.486573509,99998.36347998466,14073376.178836398,0.0,98421.46617537773,98535.99020530873,96339.82978534595,99987.88620316693,14074269.663079016,0.0
MOZ.2.4_1,19.0,100101.65276962706,100167.0979807324,99085.14117483661,100540.16948074858,12012198.33235525,0.0,100189.77546579672,100253.40661211072,99158.40599808989,100635.8396769347,12022773.055895608,0.0,100342.61406704481,100406.39914478283,99316.90945159298,100792.18241683258,12041113.688045375,0.0,100604.88554939414,100671.17288260662,99576.8027142026,101048.77670988078,12072586.265927294,0.0,100953.48124972133,101022.62662781576,99918.51145952664,101393.76482778337,12114417.749966562,0.0,101244.54916383633,101315.0557741484,100214.06224419054,101681.00045920104,12149345.89966036,0.0,101081.38248303476,101152.42993435482,100048.47288230466,101506.24402766665,12129765.897964172,0.0,101100.09929542617,101168.07025682347,100050.13963591993,101545.39456097562,12132011.915451135,0.0,100943.82619596255,101010.5132537885,99889.80891248636,101402.56764814656,12113259.143515507,0.0,100444.2609188286,100507.38765645996,99390.59226729213,100905.3207898295,12053311.310259432,0.0,100223.05809569203,100284.52156528296,99176.294918575,100679.6362057626,12026766.971483044,0.0,100201.79606177259,100265.10542978793,99166.06437453539,100658.68975388358,12024215.52741271,0.0
MOZ.2.5_1,20.0,100714.15026284,100748.93397719684,100363.05672799297,100921.54177847801,1812854.70473112,0.0,100781.22346649956,100814.61717255748,100423.42860192807,100998.39967531928,1814062.022396992,0.0,100947.15011065608,100979.9706600318,100588.10960778725,101166.54788910504,1817048.701991809,0.0,101205.2275794592,101239.46698378833,100849.64222413435,101419.68258304824,1821694.0964302656,0.0,101537.62292518216,101570.61683309924,101182.68389966774,101756.02256207072,1827677.2126532788,0.0,101834.13233395787,101868.88956235732,101481.78398219676,102048.43528217108,1833014.3820112413,0.0,101621.2586071323,101653.61304738851,101271.40836446904,101841.38872655688,1829182.6549283813,0.0,101678.94786061245,101712.07717920867,101322.08057691183,101899.39697705564,1830221.061491024,0.0,101559.85221829911,101593.85493011477,101198.26126106957,101779.24652404492,1828077.339929384,0.0,101058.06064035256,101090.85766425064,100693.31424409397,101280.53482417963,1819045.0915263456,0.0,100822.24635691004,100855.71086708618,100466.54696199123,101039.68647665512,1814800.4344243803,0.0,100827.00162562092,100861.44265925957,100473.58207820238,101038.12813181872,1814886.029261176,0.0
MOZ.2.6_1,21.0,100599.58806148736,100585.42778035042,100237.02833616246,100876.34905079918,3520985.582152057,0.0,100676.77841338307,100658.66289793275,100320.77175288844,100951.61800968095,3523687.244468407,0.0,100838.82408771047,100820.5329886094,100478.49519072725,101117.87306338432,3529358.8430698663,0.0,101098.77631755988,101082.50346287077,100738.94030656162,101374.22654538641,3538457.171114596,0.0,101437.69380151796,101422.58660463527,101080.68644041146,101710.4660423338,3550319.283053128,0.0,101732.58745170828,101719.41032465023,101372.85230750804,102005.01808367867,3560640.5608097888,0.0,101536.1228382548,101520.31168005816,101189.28509296382,101801.64110963805,3553764.299338917,0.0,101581.94840519562,101565.68207356422,101225.96117350156,101854.74790411931,3555368.194181847,0.0,101452.6273237697,101436.22384965992,101087.31396987682,101731.96467112623,3550841.9563319394,0.0,100950.12325121427,100931.73034594068,100585.6963596469,101231.79529852617,3533254.3137925,0.0,100721.31897189376,100704.2999467884,100360.36523386904,100995.91115606738,3525246.1640162817,0.0,100716.47006431967,100701.77036542524,100352.21007216703,100992.77802614988,3525076.452251188,0.0
MOZ.2.7_1,22.0,99901.90998160184,99937.83745472654,98937.47987269603,100387.43835656502,7592545.15860174,0.0,99973.26215636043,100002.7414995178,98997.6397693125,100461.53170244883,7597967.9238833925,0.0,100134.08208027504,100165.36027779208,99159.92249397477,100622.75049956117,7610190.238100902,0.0,100395.5020496612,100426.9351745234,99414.50732670848,100884.62087017704,7630058.1557742525,0.0,100735.8796703601,100764.43716517356,99739.018385975,101224.82229496355,7655926.854947368,0.0,101029.90732530587,101060.54237593828,100028.8178541469,101520.91680672618,7678272.956723248,0.0,100841.96972152627,100869.58371195626,99828.08249879416,101328.23898032928,7663989.698835995,0.0,100874.30201148648,100901.46139217463,99870.57319143953,101368.09102438932,7666446.952872974,0.0,100735.53714327936,100769.36835818252,99740.04577599463,101234.77093138108,7655900.82288923,0.0,100232.18207415668,100264.98235481727,99246.17834399846,100730.89739369258,7617645.837635907,0.0,100009.22828053145,100042.21806104702,99032.6936397484,100505.21280962568,7600701.3493203875,0.0,100006.77460889754,100045.77362723793,99039.61188565816,100501.8944406316,7600514.870276213,0.0
MOZ.2.8_1,23.0,100520.21247630868,100554.02783574363,100299.42389683137,100735.30748188934,3317167.011718186,0.0,100621.96484038193,100651.23598141024,100392.3853746152,100837.17701211592,3320524.8397326036,0.0,100787.74133820734,100819.59294189562,100560.1432430105,101006.58055473804,3325995.4641608424,0.0,101027.61273159065,101052.6649853348,100795.9643698316,101239.78330613002,3333911.220142491,0.0,101360.63570873212,101387.88361882768,101124.88196597467,101571.12078412296,3344900.9783881605,0.0,101640.83980243164,101671.47595297077,101404.72253426886,101848.71025426497,3354147.713480244,0.0,101455.50366198123,101490.99490859057,101209.53245430428,101657.98635308193,3348031.6208453807,0.0,101516.48548556918,101542.12245433796,101275.30031670936,101729.88033415588,3350044.021023783,0.0,101384.28250930452,101414.72462966897,101152.02195102171,101604.23834523096,3345681.3228070494,0.0,100902.80419506099,100934.75387161251,100670.95164521014,101125.34572808193,3329792.538437013,0.0,100667.43132428512,100693.48164247065,100432.06668668492,100883.4068526418,3322025.233701409,0.0,100646.94114412974,100678.5114612407,100421.3602380848,100864.66808774858,3321349.0577562815,0.0
MOZ.2.9_1,24.0,98467.02253266406,98568.41719068457,96872.7325122262,99675.60887680746,6104955.397025173,0.0,98538.94735186132,98635.79257152294,96937.38465907043,99759.29044960695,6109414.7358154,0.0,98691.77728743137,98791.95602159057,97095.90553371,99903.69006062526,6118890.191820745,0.0,98953.00568300307,99055.34715236648,97344.67981409482,100171.41957788408,6135086.352346191,0.0,99285.83219005568,99390.24491585199,97658.30830471704,100519.77205052137,6155721.5957834525,0.0,99576.22324333843,99683.29885369688,97940.66240335887,100812.04506211572,6173725.841086983,0.0,99416.26534324423,99519.69577237377,97774.22780829325,100663.75303045157,6163808.451281142,0.0,99414.69185520508,99514.41033978848,97775.62590938606,100664.45821812742,6163710.895022715,0.0,99250.77447478886,99351.74002466408,97615.24773091386,100494.18087996382,6153548.01743691,0.0,98761.68735014844,98858.117010687,97144.1711936533,99997.71910400174,6123224.615709202,0.0,98553.38202500119,98646.88775145463,96942.24610286909,99786.5689640634,6110309.685550074,0.0,98537.963271824,98636.5298806894,96941.93300603736,99753.10530551944,6109353.722853088,0.0
MOZ.2.10_1,25.0,98929.32412639292,99075.18381523881,97314.16997899693,100188.04732380828,4748607.55806686,0.0,98984.17983510901,99131.2767806018,97368.71859344572,100247.2174092337,4751240.632085232,0.0,99147.52520915034,99294.15186837473,97533.89801580897,100410.73747216273,4759081.210039216,0.0,99400.75752911398,99547.00644177024,97776.8912368772,100672.65147623119,4771236.361397471,0.0,99720.63028449932,99868.03855154102,98081.5434667534,101005.8868826376,4786590.253655968,0.0,100010.54934503397,100158.02570455628,98360.8490104836,101304.09061283126,4800506.36856163,0.0,99801.8721166302,99949.16190359477,98158.98562377307,101095.26627193976,4790489.86159825,0.0,99850.85476240725,100000.5483812468,98202.02049882537,101143.55907358539,4792841.028595548,0.0,99725.99393255221,99876.34995360737,98071.23392926347,101019.61665829176,4786847.708762506,0.0,99231.93720870544,99382.66348293042,97593.19581574986,100513.8665564831,4763132.9860178605,0.0,99018.06970116137,99166.93056987047,97391.11625897432,100289.95174130838,4752867.345655745,0.0,99031.40159893443,99178.24463098904,97408.74733029764,100296.59844473883,4753507.276748852,0.0
MOZ.2.11_1,26.0,100839.69302347724,100939.89436619717,100309.41371250348,101058.27263130476,1512595.3953521582,0.0,100921.05907575863,101010.53801716547,100399.83016190217,101137.13802853234,1513815.8861363798,0.0,101091.76967351972,101183.08357174297,100568.62614506543,101309.23527288373,1516376.5451027954,0.0,101331.0418918014,101422.52178697183,100801.95888817213,101548.2251778865,1519965.6283770208,0.0,101662.73364569225,101751.35860475348,101129.26072133552,101881.21399592486,1524941.0046853838,0.0,101948.53300006254,102038.9345290493,101409.57488569852,102168.34160999458,1529227.9950009382,0.0,101739.81368681963,101819.50159551056,101209.62921396623,101955.43178238336,1526097.205302294,0.0,101810.2502143674,101895.7717319542,101279.7291402416,102028.80024867595,1527153.7532155109,0.0,101695.93945166918,101788.24334286973,101159.57823978779,101917.52086927457,1525439.0917750378,0.0,101206.45306640863,101297.48877640844,100678.78049659928,101425.56327299397,1518096.7959961297,0.0,100958.06612819506,101042.42143485916,100438.62077300856,101173.44490188203,1514370.991922926,0.0,100956.42573738146,101049.92341549297,100430.05708365068,101174.19962147527,1514346.386060722,0.0
MOZ.3.1_1,27.0,99741.330981609,99778.68987075123,98995.90692249194,100418.07514243016,10871805.07699538,0.0,99855.05162013607,99904.07084160132,99114.71607990233,100522.09773455292,10884200.626594836,0.0,99991.90888156318,100041.36617356671,99231.68629898221,100670.57406991914,10899118.068090387,0.0,100251.12047999619,100298.0253520416,99499.33291709896,100928.75903435957,10927372.132319586,0.0,100584.6378099972,100624.57495656102,99825.32846341212,101275.05814271855,10963725.521289693,0.0,100859.81325495958,100895.0212081332,100091.42463665678,101558.5113938458,10993719.644790594,0.0,100720.95126369788,100763.245723888,99972.0980267428,101401.51882759988,10978583.68774307,0.0,100757.27147774947,100808.70166611344,100003.1916292457,101434.75364194816,10982542.591074692,0.0,100587.71675845011,100634.20724911908,99821.92248672679,101277.08523770052,10964061.126671065,0.0,100123.4901535477,100177.29176129746,99368.80166675508,100789.72670489168,10913460.4267367,0.0,99910.65081336557,99960.73215020547,99167.94726097006,100568.08833456316,10890260.938656848,0.0,99858.50023442927,99907.01851485024,99105.00633489,100532.5136597956,10884576.525552792,0.0
MOZ.3.2_1,28.0,100183.44863328693,100113.9333817701,99449.07673814744,100953.96179793528,3306053.804898469,0.0,100318.81969313783,100245.39284683943,99576.37245190068,101103.10622908664,3310521.0498735486,0.0,100406.84341055137,100331.97688132267,99677.59957986556,101178.54421974627,3313425.8325481955,0.0,100710.8731791274,100638.82192400633,99964.2281212498,101495.83336710132,3323458.814911204,0.0,101045.03072548703,100973.39712331133,100291.33733884984,101834.58227482963,3334486.0139410724,0.0,101310.79578591515,101239.24232971788,100556.14128653544,102101.03759556556,3343256.2609352,0.0,101218.4262224496,101144.97742188741,100452.29094122828,102024.3723215808,3340208.065340836,0.0,101243.50827200807,101166.63019096068,100478.37019544984,102053.73366850628,3341035.772976266,0.0,101045.82952949156,100969.00429820568,100286.52191876482,101850.62253045873,3334512.374473222,0.0,100577.87777402416,100499.29358851856,99826.94243698248,101377.9993867527,3319069.9665427976,0.0,100382.50800101874,100303.87022370662,99631.27125513386,101184.13071626148,3312622.764033618,0.0,100305.6203087708,100227.89930445493,99557.74863190336,101102.91524012301,3310085.4701894363,0.0
MOZ.3.3_1,29.0,99924.16393982446,99858.16462002652,99284.58460443439,100586.33300638176,1798634.9509168402,0.0,100053.52839110393,99985.48954112804,99415.49419100264,100722.70516028158,1800963.511039871,0.0,100200.78534088936,100134.38066286412,99559.38770977943,100868.11984371759,1803614.1361360084,0.0,100447.55554347773,100379.51482045467,99803.11250642264,101119.9010407302,1808055.9997826,0.0,100769.92056855217,100701.64564435434,100119.03683148096,101447.26334585287,1813858.570233939,0.0,101037.71298892116,100970.30141697617,100380.87928523033,101715.44724876405,1818678.8338005813,0.0,100897.61866537028,100826.61324117644,100244.61143818646,101582.90193371018,1816157.135976665,0.0,100958.54778000413,100887.14774927603,100306.6371548616,101649.57779238213,1817253.860040074,0.0,100791.43856414936,100722.72675819065,100137.55302593332,101476.98836116648,1814245.8941546883,0.0,100346.2045809711,100276.59443438076,99701.31151016627,101029.88620584086,1806231.68245748,0.0,100130.03761348149,100059.14338754336,99491.92675632355,100810.48821622402,1802340.6770426668,0.0,100073.21205276511,100005.53524861133,99433.53631588203,100746.86979536196,1801317.8169497722,0.0
MOZ.3.4_1,30.0,100495.5626902316,100473.37310208897,100235.41447001863,100955.45980657707,2311397.941875327,0.0,100612.99344007188,100586.51081821961,100360.16266747727,101079.7417674854,2314098.849121653,0.0,100773.27993519822,100748.4929968212,100516.73343581868,101238.52936184117,2317785.43850956,0.0,101014.8661338876,100990.48462774932,100756.29830515463,101480.73299366496,2323341.921079415,0.0,101343.9502222064,101321.03876264194,101079.12134316553,101809.96787629061,2330910.855110747,0.0,101618.1910347241,101598.5693872368,101346.2095422593,102080.62668798552,2337218.3937986544,0.0,101455.04058117828,101428.11212603348,101196.13779471547,101926.283137491,2333465.9333671005,0.0,101517.53464863756,101486.75310691293,101265.2933883519,101997.5260502551,2334903.296918664,0.0,101368.0654960998,101342.26525469618,101106.07406925444,101842.37957249023,2331465.506410296,0.0,100904.20712358676,100871.28494573256,100658.975638821,101385.81654510145,2320796.763842495,0.0,100675.20202259767,100640.76944904776,100435.45338702397,101155.3244137058,2315529.646519746,0.0,100635.33353035069,100606.32065858514,100385.85165001043,101106.95527537033,2314612.6711980654,0.0
MOZ.3.5_1,31.0,100027.9579216259,99999.01582893103,99208.97071218508,100754.76014537973,3701034.44310016,2.631578947368421,100166.58493788748,100136.9606828308,99333.24501494996,100902.40597775296,3706163.6427018363,2.631578947368421,100267.82848609787,100230.97064318263,99442.5654329734,100988.40152405584,3709909.653985622,2.631578947368421,100556.95437995564,100526.89208772044,99718.74269865909,101295.35575121164,3720607.31205836,2.631578947368421,100887.61608562764,100857.46100189156,100045.30754088768,101631.11184201065,3732841.7951682224,2.631578947368421,101151.78274119877,101120.84916801774,100308.60531641416,101897.16260739867,3742615.9614243545,2.631578947368421,101056.1896105696,101027.68624090796,100198.78802984275,101815.66299499564,3739079.015591074,2.631578947368421,101090.27509671342,101058.25310929179,100227.85095929011,101848.979674549,3740340.178578397,2.631578947368421,100895.1954374758,100860.47252400826,100040.53396668188,101648.216143098,3733122.2311866037,2.631578947368421,100435.99796651553,100400.09352091998,99586.39689288852,101181.50872616743,3716131.9247610737,2.631578947368421,100238.67340348844,100205.09101470684,99388.20695701113,100986.82404576582,3708830.915929072,2.631578947368421,100160.07279850249,100126.12653916168,99318.19230967431,100904.31282230632,3705922.6935445913,2.631578947368421
MOZ.3.6_1,32.0,100483.8456836242,100404.90624579426,100173.67768140306,100819.86267605636,1004838.456836242,16.666666666666664,100615.38438177963,100535.28213161122,100300.85482983805,100960.52481294012,1006153.8438177962,16.666666666666664,100766.22525529227,100687.46963015637,100454.75157705,101104.93794014084,1007662.2525529228,16.666666666666664,101011.8456090465,100931.67024344298,100695.88624503717,101356.25429137322,1010118.4560904652,16.666666666666664,101337.53694266637,101255.99874135508,101019.06910439824,101684.46594410214,1013375.3694266636,16.666666666666664,101605.16323850997,101522.61789607,101285.7649840793,101950.7862566021,1016051.6323850995,16.666666666666664,101464.66923047793,101381.1033642556,101138.41990334682,101823.87775088027,1014646.6923047792,16.666666666666664,101533.24848638246,101450.22776730386,101206.11489865156,101894.5214018486,1015332.4848638248,16.666666666666664,101366.78212122081,101284.80242086443,101044.97684983004,101718.85002200707,1013667.821212208,16.666666666666664,100920.12510705569,100839.71409620473,100599.03249193892,101274.98283450703,1009201.2510705569,16.666666666666664,100697.77576638036,100617.44200715687,100377.24640974273,101054.29957086267,1006977.7576638038,16.666666666666664,100640.52826438793,100560.73003140876,100325.68785230412,100986.78174515844,1006405.2826438792,16.666666666666664
MOZ.3.7_1,33.0,99402.87473200377,99380.24912321178,98904.36312569576,100046.4911934274,12524762.216232475,0.0,99505.88478542489,99487.66874329397,99011.86640164524,100160.90390021623,12537741.482963534,0.0,99630.7271178784,99606.37606781168,99128.85226198244,100264.66002719963,12553471.616852678,0.0,99903.2371919412,99885.808800046,99401.34099318963,100561.78013905016,12587807.88618459,0.0,100239.84152762352,100217.30399386627,99729.72647727524,100900.38882931565,12630220.032480566,0.0,100517.07343647158,100491.84744090584,99999.83379563373,101175.5808289053,12665151.252995418,0.0,100386.73216410652,100368.94002379537,99876.74176662957,101063.72214416976,12648728.252677422,0.0,100403.3740954992,100383.9209443177,99896.22338520926,101073.13539932304,12650825.136032902,0.0,100226.43927846916,100204.36147135124,99714.96920147998,100884.6346733683,12628531.349087115,0.0,99751.87217941027,99731.45480853472,99252.40104972721,100404.24457217,12568735.894605694,0.0,99547.01718539518,99526.124410684,99053.37014758047,100200.05153325712,12542924.165359793,0.0,99496.02385819588,99473.44391087287,98995.21536057016,100133.23325067,12536499.00613268,0.0
MOZ.3.8_1,34.0,99844.21659987797,99835.10329875656,99130.3178857438,100636.68931558095,5790964.562792921,1.6949152542372878,99979.8760621804,99971.02315588696,99251.62981034882,100788.60442341547,5798832.811606464,1.6949152542372878,100106.44635725,100100.74376143503,99370.06272693422,100909.88644366195,5806173.8887204975,1.6949152542372878,100369.76557512207,100361.84373846707,99636.91531656224,101181.20807658447,5821446.40335708,1.6949152542372878,100695.49530993203,100686.29144258107,99963.06269591894,101509.41972931338,5840338.727976058,1.6949152542372878,100961.01369921137,100952.39941927332,100229.38300841894,101772.61421654932,5855738.794554259,1.6949152542372878,100847.070570144,100835.04159566428,100111.6718256174,101678.83945862675,5849130.093068351,1.6949152542372878,100895.26476280908,100885.09375330839,100144.42596187898,101734.47914832746,5851925.356242928,1.6949152542372878,100711.59251159828,100702.47673974,99962.59084384688,101543.8038072183,5841272.3656727,1.6949152542372878,100264.09619984402,100256.72059828464,99510.34460488985,101096.8107944542,5815317.579590953,1.6949152542372878,100057.66810122867,100049.369070961,99308.65622336746,100891.13149207746,5803344.749871262,1.6949152542372878,99984.68767125973,99976.4776621781,99244.22007024936,100806.73420994717,5799111.884933064,1.6949152542372878
MOZ.3.9_1,35.0,99942.60521799822,99839.69318286236,99348.95720823124,100892.38182218307,2098794.7095779628,4.545454545454546,100076.82480621844,99967.46583074422,99480.24491547637,101033.66912411973,2101613.3209305867,4.545454545454546,100217.13057932246,100107.5974060716,99623.05792479606,101178.08225132043,2104559.742165772,4.545454545454546,100469.63007281236,100361.24720651221,99868.38578570588,101432.5244278169,2109862.23152906,4.545454545454546,100793.0439243844,100686.88194480074,100185.54459180972,101762.61157570424,2116653.9224120723,4.545454545454546,101059.48324057007,100956.47646996539,100448.12260038935,102030.80738336267,2122249.148051972,4.545454545454546,100931.45135787467,100823.99573700756,100314.01059847936,101904.52404269364,2119560.478515368,4.545454545454546,100988.58889390019,100872.5952414501,100374.79903589508,101971.41670334506,2120760.3667719043,4.545454545454546,100813.03732133648,100699.68431835463,100203.32763671961,101795.74532350348,2117073.783748066,4.545454545454546,100368.67700664645,100257.21935198794,99766.14018662852,101346.87681558095,2107742.217139575,4.545454545454546,100157.80490849787,100044.69575997813,99557.93873660779,101128.06904709506,2103313.903078456,4.545454545454546,100091.51991233444,99982.55865576767,99496.76930181622,101058.05056117957,2101921.918159024,4.545454545454546
MOZ.3.10_1,36.0,100167.57574192193,100198.89206259923,99675.50188736466,100575.04119708687,5809719.393031471,0.0,100281.30115690947,100311.67735401934,99796.54866473387,100683.66194940523,5816315.46710075,0.0,100436.63349497048,100467.69904324877,99946.92559250961,100845.86089896783,5825324.742708287,0.0,100683.9223273514,100715.67460178904,100191.48692954387,101090.28446710351,5839667.49498638,0.0,101014.60866363636,101047.14749411916,100513.34387383783,101425.41763618944,5858847.30249091,0.0,101291.78012155477,101325.12149999068,100783.955012904,101705.95688060482,5874923.247050176,0.0,101131.7829946218,101162.87756430758,100634.170957546,101534.28863566539,5865643.413688065,0.0,101182.14145095099,101211.36080308422,100688.5629261206,101587.25421029497,5868564.204155157,0.0,101028.94714646146,101060.70670657107,100528.72841170816,101443.74908332381,5859678.934494765,0.0,100561.04426372127,100589.61563799572,100077.2836894362,100965.956945612,5832540.5672958335,0.0,100339.07701862234,100366.69217291052,99861.27220572284,100735.01403473337,5819666.467080098,0.0,100299.22922100515,100330.0597117561,99813.26207258963,100702.69810187275,5817355.2948183,0.0
MOZ.3.11_1,37.0,100317.36571632585,100440.96348678826,99304.9220949858,100930.53954934084,4714916.188667314,4.081632653061225,100460.78182837676,100589.78851601994,99429.90156801313,101085.58048243943,4721656.745933708,4.081632653061225,100575.26416609038,100709.83803048784,99548.30097306725,101195.36515316268,4727037.415806247,4.081632653061225,100853.15511315607,100981.77415346836,99816.60391671302,101480.43093816619,4740098.290318335,4.081632653061225,101183.4194789342,101308.74977475613,100143.22309309016,101812.2666523852,4755620.715509908,4.081632653061225,101449.03760655744,101574.64287551428,100408.6352812551,102075.58806844788,4768104.7675081985,4.081632653061225,101351.76720582695,101477.74048556645,100293.9950068064,101996.18262765916,4763533.058673868,4.081632653061225,101395.55679541585,101530.3461903375,100328.84606710149,102043.45079310072,4765591.169384544,4.081632653061225,101203.80967535963,101339.79515750497,100144.71225972778,101847.40282416972,4756579.054741902,4.081632653061225,100748.699666204,100892.06334640627,99691.60178784092,101391.9113583197,4735188.8843115885,4.081632653061225,100546.22048720604,100688.6074903585,99490.68812792172,101190.97951871199,4725672.362898684,4.081632653061225,100465.46933740424,100605.07684050206,99422.49536498664,101103.4564113176,4721877.058858,4.081632653061225
MOZ.3.12_1,38.0,100565.20922588278,100526.54976099047,100376.81311522168,100952.71240236497,1609043.3476141244,0.0,100678.66741243024,100639.9653215552,100485.83275789264,101074.4633597124,1610858.678598884,0.0,100842.43585027066,100803.28665337418,100651.08502862797,101235.30936069496,1613478.9736043306,0.0,101079.71419783434,101041.8758256102,100885.39746836537,101475.59603229877,1617275.4271653497,0.0,101408.49295612016,101371.51552902274,101213.21982084113,101805.08036959,1622535.8872979227,0.0,101682.50965042788,101646.47142486378,101487.14646237076,102077.0048131086,1626920.1544068463,0.0,101510.44766029961,101474.74462913931,101307.56373545447,101917.23055982306,1624167.1625647938,0.0,101577.75446450646,101538.56110775258,101376.32882325788,101988.72266716626,1625244.0714321034,0.0,101436.43232965883,101397.1631048342,101241.26493848876,101837.81224365855,1622982.9172745412,0.0,100969.01292952754,100927.64473554515,100770.43647067604,101378.33828429488,1615504.2068724406,0.0,100736.10570717588,100695.09227495207,100537.35332904906,101146.20111283443,1611777.6913148141,0.0,100702.71124192,100662.23495432157,100510.34264335,101101.14452011816,1611243.37987072,0.0
MOZ.4.1_1,39.0,92844.73579388828,93296.69925792053,88090.54883099301,95709.28783843212,4549392.053900526,0.0,92946.98181247756,93402.10110387759,88188.17279026797,95815.37272901053,4554402.108811401,0.0,92964.39102588943,93413.22348962564,88190.90287846858,95850.76503559084,4555255.160268583,0.0,93268.9730367708,93719.05515830217,88457.39102936232,96187.05183869436,4570179.678801768,0.0,93530.71753959225,93985.7406287919,88665.10603435768,96481.21105567746,4583005.15944002,0.0,93749.06301200473,94206.65064345596,88844.0439705701,96719.78145834287,4593704.08758823,0.0,93662.93318510127,94124.39175228137,88763.0920824286,96626.63210744137,4589483.726069964,0.0,93677.21516999617,94130.77892104544,88816.84258389086,96624.80706256973,4590183.5433298135,0.0,93476.36564678424,93922.52328065566,88635.45280173999,96422.68758330279,4580341.916692428,0.0,93078.24653165584,93517.6098971713,88321.77995707696,95975.79710604958,4560834.080051136,0.0,92949.3087745118,93392.24837290825,88204.17864920261,95832.87592644834,4554516.129951078,0.0,92905.7936061974,93349.30935071126,88158.73053114275,95785.74771804179,4552383.886703672,0.0
MOZ.4.2_1,40.0,96352.71879015016,96086.33356218056,94218.26187486843,99425.55550767855,4528577.783137058,0.0,96464.8197569421,96193.8972633339,94327.14079062876,99538.85205365244,4533846.528576279,0.0,96499.49581793183,96230.51274454064,94358.06271271988,99588.16910683844,4535476.303442799,0.0,96836.20648625148,96567.63911969496,94676.60134941293,99943.58611995466,4551301.704853819,0.0,97136.95940094664,96867.42429241537,94953.04245147594,100281.85438379511,4565437.0918444935,0.0,97379.92562249859,97108.6776457468,95182.26163128963,100550.84742960127,4576856.504257434,0.0,97279.99070232848,97013.85495817706,95079.78643588473,100442.38897357986,4572159.563009438,0.0,97285.40631245784,97010.82128361592,95099.43618888412,100429.87581915136,4572414.0966855185,0.0,97089.25605713553,96810.1661523888,94910.30304563856,100230.38266889943,4563195.034685369,0.0,96640.15618517187,96358.74386131724,94495.3905815032,99733.4943141892,4542087.340703079,0.0,96487.35804511703,96212.660371125,94349.1118615958,99560.52266073613,4534905.828120502,0.0,96439.504552331,96165.77597313703,94303.4760587334,99509.0755251734,4532656.713959557,0.0
MOZ.4.3_1,41.0,95875.01638177077,95876.8645237182,93251.15268814733,98979.61946859072,5369000.917379163,0.0,95963.02623478824,95965.15883079424,93348.70679139953,99057.6380886122,5373929.469148142,0.0,95977.17303901297,95977.98055953174,93354.91675053992,99084.27291478183,5374721.690184725,0.0,96280.71972458006,96282.6473026793,93651.3840857491,99397.86822100973,5391720.304576484,0.0,96574.44413778641,96575.11608219107,93915.71380079335,99730.64013662061,5408168.871716038,0.0,96824.67551227666,96825.11110736252,94138.17731036557,100014.17963869633,5422181.828687493,0.0,96743.66120483352,96745.84891091641,94059.32397042176,99926.10290139107,5417645.027470676,0.0,96715.1272039773,96717.00148756882,94059.96457549203,99863.66592656962,5416047.123422729,0.0,96495.45027927237,96497.22984146533,93851.52779474502,99628.18834655164,5403745.215639252,0.0,96039.50667629356,96041.30550765221,93445.96890179664,99114.12811236874,5378212.37387244,0.0,95913.74566538812,95917.0955279512,93326.02495156754,98973.63114786724,5371169.7572617335,0.0,95877.19760685145,95879.13022716233,93283.81680371246,98947.302680507,5369123.065983681,0.0
MOZ.4.4_1,42.0,98651.3909958318,98683.87208480015,96970.91434122641,100058.5508962716,10654350.227549834,0.0,98742.36449051352,98776.91753567,97046.55426994967,100169.06864074824,10664175.36497546,0.0,98857.63405813373,98882.58059646167,97164.41785123652,100276.78622902428,10676624.478278443,0.0,99146.62642894412,99186.30508969784,97443.92295959328,100572.93555583908,10707835.654325964,0.0,99476.24666851973,99516.01958160943,97757.4463095174,100912.98634604792,10743434.640200127,0.0,99754.53798572511,99788.94960841324,98030.21628023396,101190.30479770986,10773490.102458313,0.0,99617.93659858985,99660.7303863117,97882.16833795916,101073.55579700334,10758737.152647704,0.0,99616.62515451864,99651.33050786506,97879.95709063383,101081.72893067908,10758595.516688012,0.0,99439.69720316613,99475.22743376016,97710.09950254824,100894.74374817565,10739487.297941944,0.0,98960.94138825683,98991.01954224732,97250.96325742095,100411.18459906508,10687781.66993174,0.0,98760.43699738033,98792.25940399713,97054.99092222624,100205.72026516256,10666127.195717074,0.0,98721.32838899053,98755.04701627632,97030.49787736061,100142.02343953152,10661903.466010977,0.0
MOZ.4.5_1,43.0,95218.62320032883,95159.3887428218,93088.62794244547,97753.76049770416,7712708.479226635,0.0,95329.04699528053,95272.87571346307,93193.75362198493,97874.67160574957,7721652.806617721,0.0,95345.29973397896,95288.11242910963,93202.73315617596,97890.04125644184,7722969.278452298,0.0,95670.13407262649,95616.02958699623,93504.56956844073,98242.87566031252,7749280.859882745,0.0,95955.29939264836,95901.98734829124,93767.8277222758,98552.28283549674,7772379.250804517,0.0,96188.71340293829,96136.82613392016,93986.56567405313,98800.71717641006,7791285.785638003,0.0,96107.67977416592,96051.34140913938,93905.8376038135,98725.56627894734,7784722.06170744,0.0,96104.1995692188,96051.00671464267,93912.85665666196,98712.73636887372,7784440.165106722,0.0,95894.68090638034,95841.4322470574,93706.26965987103,98494.23071583759,7767469.153416806,0.0,95459.056976515,95408.87250368943,93306.02923383037,98019.69045685547,7732183.615097715,0.0,95326.33567506779,95276.27987881104,93183.01330543957,97881.19171985473,7721433.1896804925,0.0,95278.3316259596,95227.8531250589,93138.39190419854,97826.19412784537,7717544.861702727,0.0
MOZ.4.6_1,44.0,93130.84243499419,93454.24305413564,89176.26602433636,95224.29831201462,3352710.327659792,0.0,93233.59075100644,93558.14511233283,89268.12979048447,95329.34365758179,3356409.2670362317,0.0,93262.55696885273,93588.26251835447,89288.92894979194,95363.23191575488,3357452.050878698,0.0,93575.85334136333,93904.41402675057,89563.7547361504,95695.76130397443,3368730.720289078,0.0,93842.2719661164,94174.77833239164,89784.97840970499,95984.98894250352,3378321.790780192,0.0,94063.70204056664,94398.65832586114,89981.23676227797,96219.09032775767,3386293.273460398,0.0,93967.373290824,94301.14211210966,89884.78159124922,96125.2931577991,3382825.4384696637,0.0,93986.73718019878,94319.17555108576,89927.08733276787,96129.2569824885,3383522.5384871555,0.0,93796.02529771268,94127.69203629844,89752.95970954723,95931.07137132935,3376656.9107176564,0.0,93392.07865352307,93718.57631796086,89411.63316721855,95492.91655208623,3362114.8315268317,0.0,93252.23501845199,93576.28661770855,89282.9190546842,95349.46999517674,3357080.4606642723,0.0,93207.5699963442,93531.02905863836,89242.40158792533,95302.43752899974,3355472.5198683906,0.0
MOZ.4.7_1,45.0,96063.83647262072,96485.67290585332,92362.45391809673,99020.75317809645,3938617.295377448,0.0,96147.44959392113,96549.58062259096,92447.98607797998,99125.10169995068,3942045.433350766,0.0,96244.7563825934,96678.64130075068,92519.99807475688,99205.09668467416,3946035.011686329,0.0,96531.1474939701,96950.96146363008,92787.80061928843,99530.63593969127,3957777.0472527742,0.0,96834.10997801213,97262.20173067148,93048.1512360168,99863.6267538606,3970198.5090984963,0.0,97097.6644581759,97538.84991993406,93282.12082661252,100138.61329493148,3981004.2427852117,0.0,96957.84842067056,97382.31958600359,93152.99168704297,100014.12900502943,3975271.7852474917,0.0,96960.434334128,97372.86323743043,93178.09203524524,100004.29253740417,3975377.807699248,0.0,96789.4652607066,97206.74742783383,93012.09722760801,99820.56656867519,3968368.075688969,0.0,96345.03997656578,96750.44769654569,92623.02538780922,99333.8284800057,3950146.639039197,0.0,96153.95226487477,96547.76824996145,92453.56285838576,99137.6346967518,3942312.042859865,0.0,96129.38500181053,96536.74705732656,92430.43838369707,99093.94777720376,3941304.785074231,0.0
MOZ.4.8_1,46.0,94880.57861526149,94914.77734268237,86925.95620582874,99455.44456173464,5313312.4024546435,0.0,94984.54985435096,95012.31310907217,87018.99669607068,99560.65181853596,5319134.791843653,0.0,95030.97876414158,95078.80035898254,87043.92324523706,99633.36084054182,5321734.810791928,0.0,95343.54550849127,95375.5549967944,87292.83413684572,99972.66620882074,5339238.548475511,0.0,95629.62791977773,95665.14760259482,87479.59139032138,100315.21508696565,5355259.163507553,0.0,95869.20521135793,95914.38135820258,87656.19538684904,100592.42949125588,5368675.491836045,0.0,95758.24639987008,95791.3480393514,87554.21959684776,100473.0354707228,5362461.798392723,0.0,95773.43610443313,95801.987835037,87627.75202609424,100451.89292646085,5363312.421848255,0.0,95590.15809467193,95627.76613172576,87467.47381460237,100265.48707357016,5353048.8533016285,0.0,95164.99731793234,95200.25027490484,87173.6238375296,99765.47216593332,5329239.849804211,0.0,95004.03056343981,95025.22329710783,87044.92959076773,99574.57618036156,5320225.711552628,0.0,94960.49197348506,94993.11967621204,87009.90628822219,99530.67415313872,5317787.550515163,0.0
MOZ.4.9_1,47.0,97717.05352221325,97771.37976760107,95497.06795309164,100087.3643920157,3615530.980321889,0.0,97811.66171073374,97855.4605883559,95599.03876706882,100176.78114076784,3619031.4832971483,0.0,97827.71564324832,97875.40387794797,95610.04264831207,100204.92786505932,3619625.4788001883,0.0,98152.03437507428,98187.39763292676,95925.79117205695,100540.79814126751,3631625.271877749,0.0,98467.49234659084,98505.45230534511,96213.43889899817,100885.63611685684,3643297.216823862,0.0,98728.59674758867,98773.24230516457,96450.95813340523,101172.88190997973,3652958.079660781,0.0,98649.43353240805,98689.5222753554,96375.54013067047,101087.81865197614,3650029.040699097,0.0,98610.29319011062,98642.82003628805,96361.14602916516,101023.93718621736,3648580.848034093,0.0,98384.73855562539,98415.53702391117,96145.82917964352,100785.1667141318,3640235.3265581373,0.0,97901.75708747734,97925.92127573355,95704.34172603828,100255.46975016539,3622365.012236661,0.0,97763.1971535467,97790.03008211801,95575.21704610817,100105.728034681,3617238.294681228,0.0,97723.11729406842,97756.8287490259,95528.93576118676,100072.94026655854,3615755.3398805317,0.0
MOZ.6.1_1,48.0,100712.24768607038,100748.50728903973,100493.54098314913,100812.36508934248,604273.4861164222,0.0,100751.92306611057,100787.41897117783,100537.10778002764,100852.7519691286,604511.5383966634,0.0,100929.03554508023,100964.98217493833,100712.03636131194,101029.30988717344,605574.2132704813,0.0,101153.88649255305,101189.8356805902,100939.05913733348,101255.21513953064,606923.3189553183,0.0,101463.23890991462,101499.63112658805,101247.83874039604,101566.0568150525,608779.4334594879,0.0,101756.14313198526,101793.76270516467,101538.14122530028,101858.3551444861,610536.8587919115,0.0,101492.02308062439,101528.46275638028,101280.6572728318,101594.5638279804,608952.1384837463,0.0,101605.82430902592,101641.75271341096,101386.83673142693,101708.87954691805,609634.9458541556,0.0,101519.49202080347,101555.5735098306,101297.09421056585,101623.48251418381,609116.952124821,0.0,101025.34198263392,101060.76352374462,100806.75208792873,101128.2443364632,606152.0518958034,0.0,100759.60209642896,100794.04336151363,100543.85378293565,100861.77644666727,604557.6125785739,0.0,100797.06228978244,100833.22937575314,100579.23633145046,100897.39486846494,604782.3737386947,0.0
MOZ.6.2_1,49.0,99906.6430513511,100092.58696995844,98087.9150911922,100857.9660136773,5594772.010875662,0.0,99960.14347444664,100146.60458114296,98139.53626151796,100918.02575471188,5597768.034569012,0.0,100126.4897573566,100312.87016240649,98302.46212188645,101086.12322113996,5607083.42641197,0.0,100376.70900803931,100567.51564267834,98541.40233115855,101343.00520302153,5621095.704450202,0.0,100694.41713925383,100886.6066201458,98843.97590846363,101670.77780911783,5638887.359798215,0.0,100986.92697881666,101180.63740803947,99123.7976950181,101967.274969045,5655267.910813732,0.0,100760.47260545775,100951.83873040722,98907.90067162608,101742.51428504584,5642586.465905635,0.0,100827.9886715282,101019.7237314076,98973.11985336682,101808.42994948142,5646367.365605578,0.0,100717.85888691588,100911.25365086783,98855.73063796904,101697.97560026588,5640200.097667289,0.0,100219.60891363212,100409.68900351916,98377.2936032654,101194.51752582268,5612298.099163398,0.0,99987.4638346642,100175.52471844463,98165.92920521066,100950.12199326168,5599297.9747411935,0.0,100008.85569349256,100196.3543281197,98185.54268788641,100964.9053749951,5600495.918835584,0.0
MOZ.6.3_1,50.0,100837.21367007957,100884.82716891398,100524.32878391253,100979.96502536512,1915907.0597315119,5.0,100892.94157682775,100944.76459763193,100576.14235054606,101036.37771674828,1916965.889959728,5.0,101064.6978442134,101114.24267280713,100748.30663297094,101209.50646375668,1920229.2590400544,5.0,101310.39426848553,101368.89478302334,100988.68017177076,101455.86938978336,1924897.4911012247,5.0,101632.65172269003,101695.40245099876,101304.67585458867,101782.59870789466,1931020.3827311103,5.0,101925.89942416042,101991.67799153851,101595.55038341432,102078.73999455516,1936592.089059048,5.0,101689.00997447676,101763.6626879424,101353.26883769436,101847.70756984524,1932091.1895150584,5.0,101769.61895865294,101833.32334618908,101439.0071890782,101919.41967589283,1933622.7602144056,5.0,101668.12372969164,101724.76434373656,101340.60676284024,101815.50794395473,1931694.350864141,5.0,101170.7430895186,101222.11565242453,100847.15753045877,101319.15838851141,1922244.118700853,5.0,100913.65942422516,100974.0187561869,100589.7220715782,101058.6904835733,1917359.529060278,5.0,100936.822455426,100991.5940184659,100618.58777858534,101078.69169873923,1917799.626653094,5.0
MOZ.6.4_1,51.0,100947.79057910175,101001.63913200727,100794.99905977848,101084.54649344498,504738.9528955089,0.0,100996.34252501046,101049.01477878855,100840.51236206476,101138.00249972237,504981.7126250522,0.0,101170.99408978254,101223.94600500852,101015.5585768535,101311.98107303136,505854.9704489128,0.0,101406.8957935354,101459.16836596988,101246.12705886073,101553.47212945824,507034.47896767705,0.0,101724.90125859363,101777.61621470997,101559.42812062027,101876.65528263043,508624.5062929681,0.0,102017.52772682553,102070.53842513452,101850.7420565143,102169.85769240157,510087.63863412756,0.0,101768.61082662588,101820.86513708527,101596.5442574379,101927.32217189422,508843.05413312936,0.0,101864.55073541867,101917.51874414594,101701.17370847617,102014.88255808732,509322.7536770936,0.0,101772.18374118653,101826.47707841,101611.15496184274,101918.67159788636,508860.91870593256,0.0,101277.22838228653,101331.08806589649,101118.50902821127,101421.9810168334,506386.14191143255,0.0,101010.86894986736,101063.58464448836,100851.80552880527,101156.9648071992,505054.3447493367,0.0,101040.15252856356,101093.40149753855,100883.69739826524,101181.64774908613,505200.7626428178,0.0
MOZ.6.5_1,52.0,100552.36159530524,100679.21993585458,98949.92909159335,101262.62804489752,4424303.91019343,2.2222222222222223,100588.69303875226,100711.69393705318,98985.13442204698,101303.3061624686,4425902.4937050985,2.2222222222222223,100768.13786056916,100893.49866976557,99161.32828706047,101482.06097843628,4433798.065865044,2.2222222222222223,100985.33855517628,101109.48599572128,99364.31522878463,101706.49523239754,4443354.896427755,2.2222222222222223,101288.24348739863,101409.56008415014,99648.43921082103,102021.62080815519,4456682.7134455405,2.2222222222222223,101577.93284685948,101701.67457220989,99928.84763077034,102312.90533362994,4469429.045261817,2.2222222222222223,101307.84770815744,101424.17166331172,99656.60218655267,102053.50422584887,4457545.299158928,2.2222222222222223,101437.5540877767,101561.8265423828,99790.866779869,102173.5359159897,4463252.379862175,2.2222222222222223,101353.27731855393,101478.33320888392,99705.57437128725,102087.26313870099,4459544.202016371,2.2222222222222223,100862.09267239088,100984.94234190439,99229.72600581024,101591.95228794435,4437932.077585199,2.2222222222222223,100597.43770527732,100717.83858917767,98979.42260756787,101322.50615018027,4426287.259032203,2.2222222222222223,100633.42627078877,100756.3246825498,99024.05455372599,101348.90082218628,4427870.755914707,2.2222222222222223
MOZ.6.6_1,53.0,99936.85929306062,100041.73559581992,98860.55158529713,100558.21757629394,3697663.7938432433,0.0,99985.21478545947,100092.35862644463,98905.68984409863,100600.81330310168,3699452.947062,0.0,100156.17028584787,100260.6202079874,99078.04749911847,100776.53503007216,3705778.300576372,0.0,100390.24066980252,100500.18211843989,99293.56644303157,101004.95171813814,3714438.904782694,0.0,100697.51025596373,100805.44168775911,99585.23331965368,101314.75524058392,3725807.8794706576,0.0,100985.61687265351,101092.72388355274,99863.47824277414,101606.26986866424,3736467.82428818,0.0,100739.81391990132,100842.11055286856,99611.88997851734,101348.56392886947,3727373.1150363483,0.0,100828.62991683821,100938.76647205904,99714.8661058922,101452.12027218904,3730659.306923013,0.0,100731.82098419183,100844.99996860644,99621.53780137622,101361.6848953086,3727077.3764150976,0.0,100240.95771510564,100348.10273115477,99146.96530603913,100868.7765718918,3708915.435458909,0.0,99991.99429315412,100100.58786762084,98902.4757759247,100605.79766668622,3699703.7888467023,0.0,100026.99014347307,100137.36133608916,98940.29995365,100643.18513410221,3700998.635308503,0.0
MOZ.6.7_1,54.0,99097.73714062742,99516.87537834508,96594.75196653846,100845.22330037363,1486466.0571094113,0.0,99138.05995056928,99557.14056316127,96637.27618362095,100881.55412480586,1487070.899258539,0.0,99312.58698652424,99732.15595694855,96805.95720652876,101061.7226700268,1489688.8047978638,0.0,99523.36451199367,99947.37542740852,96996.17947207007,101283.66064934287,1492850.4676799052,0.0,99815.04784698518,100243.77418236944,97261.38034580053,101590.507881231,1497225.7177047776,0.0,100095.2914133702,100527.37704827383,97518.07138595553,101888.54533545682,1501429.3712005531,0.0,99834.62472026887,100266.1058050408,97267.66881044047,101615.96360771992,1497519.370804033,0.0,99951.23956173944,100379.49664981967,97389.3843504806,101738.99964448721,1499268.5934260916,0.0,99862.55552555477,100291.6539686417,97297.20937889713,101653.7687335417,1497938.3328833212,0.0,99386.63943461816,99811.73564966854,96850.48771846003,101156.83684824352,1490799.5915192722,0.0,99136.36376031254,99556.86309078512,96624.97543471436,100889.85572768793,1487045.456404688,0.0,99176.56787343405,99596.94985396817,96665.15463619877,100930.15496892924,1487648.5181015106,0.0
MOZ.5.1_1,55.0,100584.86948580382,100584.86948580382,100523.11977027816,100646.6192013295,201169.73897160764,0.0,100628.89060918904,100628.89060918904,100567.73421397738,100690.04700440072,201257.78121837808,0.0,100804.15936904977,100804.15936904977,100742.69958325328,100865.61915484624,201608.31873809948,0.0,101030.88957684474,101030.88957684474,100969.97485405327,101091.80429963619,202061.77915368948,0.0,101340.900602274,101340.900602274,101280.01197874684,101401.78922580113,202681.801204548,0.0,101630.31657000077,101630.31657000077,101568.83484342998,101691.7982965715,203260.63314000148,0.0,101373.77931098553,101373.77931098553,101314.19641158306,101433.36221038798,202747.55862197105,0.0,101482.1399900468,101482.1399900468,101420.07117293011,101544.20880716344,202964.2799800936,0.0,101393.25132668992,101393.25132668992,101330.36399991524,101456.13865346463,202786.5026533799,0.0,100902.35398577967,100902.35398577967,100840.31451589408,100964.3934556652,201804.70797155926,0.0,100637.92138012187,100637.92138012187,100576.24491630383,100699.59784393992,201275.8427602437,0.0,100670.98000477922,100670.98000477922,100609.7628341087,100732.19717544976,201341.96000955845,0.0
MOZ.5.2_1,56.0,100741.91869244928,100728.66426270694,100638.378286237,100858.71352840387,302225.7560773478,0.0,100784.57855010961,100770.42410914043,100680.5581740789,100902.75336710943,302353.7356503288,0.0,100960.1872725414,100946.62062869738,100855.62740449562,101078.31378443119,302880.5618176242,0.0,101186.91192007883,101171.364760373,101082.5109036104,101306.86009625312,303560.7357602365,0.0,101497.68432000931,101481.6671783151,101391.37083913172,101620.01494258117,304493.052960028,0.0,101788.38607772817,101771.30470393114,101682.51167205953,101911.34185719382,305365.1582331845,0.0,101529.39257298128,101511.50822894547,101421.881221984,101654.7882680143,304588.1777189438,0.0,101640.74819786106,101625.87818343543,101532.3540104606,101764.01239968713,304922.2445935832,0.0,101552.9324692475,101539.30740153989,101444.95899160377,101674.5310145989,304658.7974077425,0.0,101060.28838592157,101046.7031575408,100952.23462467805,101181.9273755458,303180.86515776464,0.0,100794.18388439856,100780.03608119069,100688.02145397839,100914.49411802656,302382.55165319564,0.0,100828.12497886462,100814.44634586338,100723.52463244367,100946.40395828684,302484.37493659393,0.0
MOZ.7.1_1,57.0,100469.31803272585,100501.33300811108,99904.77079975072,100867.9160960382,2210324.9967199685,8.333333333333332,100571.12166214793,100601.09637517881,100005.67213386645,100972.82373727048,2212564.676567254,8.333333333333332,100495.45634755213,100525.94214302042,99931.47683266568,100893.07659810364,2210900.039646147,8.333333333333332,100802.94717644328,100825.57653508717,100238.8624291666,101210.94109272695,2217664.8378817523,8.333333333333332,101109.23844534336,101130.69633358617,100543.27365190767,101516.33511287939,2224403.2457975536,8.333333333333332,101331.09312014584,101351.65950075044,100762.14812360736,101740.58903979986,2229284.048643208,8.333333333333332,101365.34936603042,101387.81582122436,100790.86632055113,101779.67670941193,2230037.686052669,8.333333333333332,101398.35559636896,101424.02957952344,100820.36033750267,101815.46950271232,2230763.8231201167,8.333333333333332,101187.66928269617,101215.68484914741,100608.08678087534,101605.19042899068,2226128.724219316,8.333333333333332,100796.6238827751,100830.7093692992,100220.01756469408,101208.49230096543,2217525.725421052,8.333333333333332,100585.43255940462,100617.69865636826,100011.93004694162,100997.2259998974,2212879.5163069023,8.333333333333332,100500.2692894832,100529.68838999668,99933.15298773967,100906.74283775256,2211005.92436863,8.333333333333332
MOZ.7.2_1,58.0,98056.1124355176,97993.92907122012,97012.31726638996,99335.43108990268,2059178.3611458687,0.0,98119.38744203329,98056.15092084023,97072.6126591408,99399.90362752657,2060507.136282699,0.0,98063.51450218863,98001.27834648649,97019.42665583822,99342.31102835153,2059333.8045459609,0.0,98268.47418591117,98204.39357740508,97223.25164763624,99544.0354854661,2063637.9579041344,0.0,98566.20174181533,98504.41091037943,97521.09881571495,99845.73437190556,2069890.2365781213,0.0,98759.62232282053,98697.00169771796,97712.39932187695,100044.82493896356,2073952.068779231,0.0,98786.41740880649,98723.42887005988,97729.94411740793,100078.87193207783,2074514.765584936,0.0,98827.21099527503,98762.44863757864,97761.51577106024,100127.06604372473,2075371.4309007758,0.0,98626.12673361182,98560.58387445855,97558.74675967851,99925.86446742236,2071148.661405848,0.0,98316.40806208123,98251.14474189396,97253.54504657166,99610.59292717856,2064644.5693037056,0.0,98121.38256246221,98057.38958970434,97066.74914191263,99406.83244401844,2060549.033811706,0.0,98025.21899066727,97961.41639113234,96979.20916105594,99302.74593146762,2058529.598804013,0.0
MOZ.7.3_1,59.0,95721.23599217935,95752.26209042422,94339.48878419664,97122.61564788297,3541685.731710637,0.0,95786.88204622203,95817.3192682698,94408.97522281033,97184.39801690044,3544114.635710216,0.0,95730.42837446208,95760.37085174557,94347.68436501145,97131.29850990784,3542025.849855097,0.0,95959.16326872258,95994.94119017426,94590.4310859621,97342.68595508915,3550489.0409427355,0.0,96245.89948950332,96278.48027448359,94858.43661277002,97652.84848491408,3561098.2811116218,0.0,96445.9535483252,96484.7560005488,95052.67649856367,97855.1669269335,3568500.2812880334,0.0,96444.5600139161,96479.0963913625,95046.42115290428,97862.05657606167,3568448.7205148954,0.0,96457.87632349877,96486.01495347485,95062.7687021154,97876.27466995355,3568941.4239694537,0.0,96249.99672945938,96277.34500363506,94861.56052042505,97661.38347816325,3561249.878989997,0.0,95938.93567045676,95960.4906881853,94559.72757559337,97342.78994377649,3549740.6198069,0.0,95752.43300192287,95771.82295307568,94378.52488572344,97152.56062439343,3542840.0210711467,0.0,95694.32521557962,95723.01891048416,94322.8641384877,97085.58802351508,3540690.0329764467,0.0
MOZ.7.4_1,60.0,93796.7642283696,93916.89045488654,90694.61034319768,95828.9337813702,4596041.44719011,0.0,93864.91367580317,93986.56346334447,90771.05861416848,95893.31262152137,4599380.770114355,0.0,93803.75005661297,93925.73068220394,90701.88201383119,95837.03172308524,4596383.7527740365,0.0,94048.27664455338,94168.43374216149,90954.97583467288,96072.74815196877,4608365.555583117,0.0,94308.94825127703,94428.42459401644,91183.28304878312,96355.67646110123,4621138.464312574,0.0,94504.85749376386,94631.0962605724,91351.68899509619,96565.14136253274,4630738.0171944285,0.0,94492.57542840582,94614.30911395812,91337.7333883375,96558.16035871721,4630136.195991885,0.0,94508.86198523492,94626.86740175287,91377.27022517336,96562.60446954065,4630934.2372765085,0.0,94309.72077710344,94427.82262757268,91192.88734511974,96352.6755431357,4621176.318078069,0.0,94008.7411951216,94122.95348653864,90924.78624605194,96033.24504042546,4606428.318560959,0.0,93832.20315330534,93947.58743937603,90767.42680175883,95844.62562632276,4597777.954511962,0.0,93781.20474757208,93900.74874012578,90702.08060727203,95798.37856143873,4595279.032631032,0.0
MOZ.7.5_1,61.0,98539.30905406825,98527.3121615847,97891.46380607472,99222.94137144332,2956179.2716220473,0.0,98625.1849089934,98616.14433846434,97970.03656208304,99299.34963949485,2958755.5472698025,0.0,98560.46488701297,98550.01915652756,97908.50794066674,99238.54392397396,2956813.9466103893,0.0,98832.60159166463,98830.3394781448,98161.205077244,99483.66062694424,2964978.0477499394,0.0,99130.02324288104,99126.99663716344,98455.21401147424,99785.12798197444,2973900.697286431,0.0,99334.97043826476,99333.17061585726,98653.62292147485,99997.06300910584,2980049.1131479437,0.0,99359.47969298881,99357.05865702506,98677.456306065,100022.73307565432,2980784.390789664,0.0,99388.82932311374,99384.84308410241,98707.9440863558,100053.47997659916,2981664.8796934118,0.0,99179.51562251344,99174.45353673118,98502.53370896817,99847.17668962758,2975385.468675403,0.0,98825.3366671795,98815.0266703836,98166.48470343664,99508.03452417943,2964760.100015385,0.0,98622.33957401467,98612.34893662637,97968.45727317956,99301.57205483726,2958670.18722044,0.0,98547.44466494268,98539.68539703569,97890.0610799852,99213.76174813946,2956423.33994828,0.0
MOZ.7.6_1,62.0,96142.43862471721,96085.90852221519,94625.31294702043,97550.82036422592,5287834.124359447,0.0,96206.68476941633,96151.15562694824,94698.81767033935,97608.0293933378,5291367.662317897,0.0,96151.57163033073,96095.56726015873,94638.99580824775,97557.05388063226,5288336.439668189,0.0,96369.81242763162,96317.45112188591,94884.75609810148,97755.79219485052,5300339.68351974,0.0,96662.98614181485,96609.78171178645,95157.38954585767,98069.86615584556,5316464.237799816,0.0,96854.3064422764,96805.9341007732,95342.21431102244,98268.5854572532,5326986.854325201,0.0,96864.84121813453,96811.75444366044,95346.5242172668,98280.95117427592,5327566.266997399,0.0,96888.55636384706,96829.22347480938,95373.29379207236,98303.705793653,5328870.600011588,0.0,96682.82525220703,96621.86302618428,95171.4469405258,98093.07737228175,5317555.388871387,0.0,96376.83842404828,96312.69388239633,94867.73533968053,97778.44549843762,5300726.113322657,0.0,96192.00019814073,96125.73394127414,94687.01117842976,97589.56246709877,5290560.01089774,0.0,96117.44938252133,96058.98000827324,94621.59865721241,97507.2070471832,5286459.716038671,0.0
MOZ.7.7_1,63.0,99468.92415733119,99617.43205434056,98029.91700192288,100633.99411143595,2884598.800562605,6.451612903225808,99528.74875840002,99679.84078674253,98087.50515425132,100696.6788205169,2886333.7139936006,6.451612903225808,99472.4024688284,99622.26216914806,98033.82287772381,100637.18902064212,2884699.6715960237,6.451612903225808,99663.29467000892,99819.04722307713,98222.50197569019,100834.81456233287,2890235.545430258,6.451612903225808,99962.68314696194,100120.49512611792,98518.72804586873,101137.07517303717,2898917.811261896,6.451612903225808,100161.83242565497,100321.0496653463,98710.15189437618,101344.10392537672,2904693.140343994,6.451612903225808,100198.93281958293,100357.22936819788,98738.15523885068,101388.05941772967,2905769.051767905,6.451612903225808,100252.32665819053,100409.29429228613,98784.38022009448,101445.87196216037,2907317.473087525,6.451612903225808,100055.04904959656,100209.81715903617,98586.23876694248,101250.1996016873,2901596.4224382997,6.451612903225808,99745.99336086602,99896.6973802334,98285.74303170328,100933.12466731262,2892633.8074651137,6.451612903225808,99542.71019111287,99691.41245663057,98092.86427476688,100721.62494080473,2886738.595542273,6.451612903225808,99429.75263622633,99581.75413489976,97988.488628992,100601.55891369011,2883462.826450564,6.451612903225808
MOZ.7.8_1,64.0,98853.22348696688,99003.02842237314,97173.80182152046,99971.06714498039,3855275.715991709,0.0,98950.17008744588,99099.64697953156,97262.77716093193,100068.81236367348,3859056.6334103886,0.0,98880.37306620748,99030.76237615132,97198.34747090787,99997.40965303527,3856334.549582091,0.0,99189.31279734918,99339.85610450516,97492.6913764922,100294.53798614486,3868383.199096617,0.0,99491.84570760584,99645.37171317474,97785.57529605982,100600.59503020842,3880181.982596627,0.0,99705.0073457013,99858.94941917872,97988.90402958836,100817.90457555326,3888495.286482352,0.0,99724.73640989322,99878.6616977326,97999.95188763627,100848.73523133196,3889264.719985835,0.0,99743.90639343695,99895.36774667325,98016.63871155813,100878.51061562492,3890012.349344041,0.0,99527.85632350863,99677.97273867037,97802.80869487528,100665.87572447033,3881586.396616836,0.0,99144.48277543232,99291.63690283617,97445.48902686768,100282.9127949222,3866634.8282418605,0.0,98942.8712719487,99089.29914905666,97250.8318865568,100071.57251613533,3858771.979605999,0.0,98877.36710172408,99025.8320901016,97191.2246968666,99993.79935997514,3856217.31696724,0.0
MOZ.7.9_1,65.0,100193.93491721556,100307.46007101664,98917.74095204416,100907.48637099432,4608921.006191917,2.127659574468085,100301.62882777386,100415.49388568805,99020.0651440591,101013.5885548546,4613874.926077598,2.127659574468085,100225.16202465683,100339.29441686512,98947.6299305226,100932.78555330644,4610357.453134215,2.127659574468085,100557.37052753057,100669.90825579313,99276.50005065648,101253.39089417801,4625639.0442664055,2.127659574468085,100866.63281024352,100980.67354694696,99580.42020188126,101558.02889977838,4639865.109271202,2.127659574468085,101091.00839035523,101205.70228040556,99798.65755609439,101783.91694464057,4650186.385956341,2.127659574468085,101117.39889510024,101232.06934333793,99813.94414723774,101822.77793912833,4651400.349174611,2.127659574468085,101137.96482673727,101252.53884474,99826.4824597606,101859.20023628473,4652346.382029915,2.127659574468085,100920.39430332763,101034.36685124268,99606.82610841074,101649.46017479005,4642338.137953071,2.127659574468085,100509.614919177,100622.23335241873,99209.03851153741,101252.42046416519,4623442.286282142,2.127659574468085,100307.95719581886,100419.54473957852,99010.96949629196,101041.80378102802,4614166.031007669,2.127659574468085,100233.3480255967,100344.94251720954,98950.09540595813,100949.84771526919,4610734.009177448,2.127659574468085
MOZ.7.10_1,66.0,98850.62968087084,98917.80870388584,97457.86139856504,99804.21125807744,2767817.6310643842,0.0,98923.6889704802,98985.89636122977,97525.19656850406,99881.40882055338,2769863.291173445,0.0,98863.66559530674,98927.37508736637,97467.52281512176,99819.3982180209,2768182.6366685885,0.0,99094.94056419855,99142.56621817977,97686.45912953591,100059.95980898457,2774658.33579756,0.0,99392.2356229008,99437.45920482039,97976.38203482542,100362.5764295434,2782982.597441222,0.0,99592.77917414364,99636.23630655598,98167.4998852222,100570.71108624936,2788597.8168760217,0.0,99623.18425822954,99668.4910056448,98192.5525493846,100605.85500711082,2789449.159230427,0.0,99664.72949626372,99715.41058941603,98232.43250626237,100648.2653988889,2790612.425895384,0.0,99461.2677745496,99514.91804378251,98033.3460787021,100443.20253275053,2784915.4976873887,0.0,99131.97609094984,99196.6906533904,97721.63886358263,100099.57074894957,2775695.330546595,0.0,98928.63507311078,98994.98852467527,97528.89360368927,99888.94464727744,2770001.7820471018,0.0,98837.38137173424,98895.85103321851,97437.75011248057,99796.84447372098,2767446.6784085585,0.0
MOZ.7.11_1,67.0,99988.48860161226,100003.35550878863,99195.36067706892,100884.8060263615,3399608.612454818,8.108108108108109,100078.12853851187,100096.14985572091,99278.05297411248,100970.65555897783,3402656.3703094036,8.108108108108109,100009.35843400387,100025.90065958838,99214.384947077,100899.814070983,3400318.1867561312,8.108108108108109,100284.57027631011,100307.35441958568,99472.95809241096,101163.29937680419,3409675.3893945436,8.108108108108109,100586.73784265737,100609.16781340251,99772.6327458991,101466.23124077037,3419949.0866503506,8.108108108108109,100800.76347723287,100823.98398969154,99979.27731629844,101683.1431709174,3427225.958225918,8.108108108108109,100835.36050583114,100858.6917093143,100009.14906821957,101726.02714893207,3428402.2571982583,8.108108108108109,100873.91866217494,100896.48454777773,100045.67544641801,101776.56079301873,3429713.234513948,8.108108108108109,100666.75526830432,100688.79209193488,99838.54272994617,101576.26988556984,3422669.6791223474,8.108108108108109,100300.48575000804,100317.94812928796,99487.98977044427,101216.3987158888,3410216.515500273,8.108108108108109,100087.56681345512,100105.22070462546,99279.63702272846,100998.05896179006,3402977.271657474,8.108108108108109,100001.31730288712,100019.94719794804,99198.35284500744,100894.9555811439,3400044.788298161,8.108108108108109
MOZ.7.12_1,68.0,100322.5505454042,100299.83982268287,99672.36856420236,100801.02814604656,3210321.6174529344,3.0303030303030303,100399.30878948988,100370.99800232603,99746.51146867199,100877.07980796664,3212777.881263676,3.0303030303030303,100335.69791030511,100309.90620568543,99685.70133105817,100812.19809618693,3210742.3331297636,3.0303030303030303,100574.717346629,100533.06663319019,99917.45429801618,101054.14130472351,3218390.955092128,3.0303030303030303,100875.64347894306,100832.27751169367,100217.20292045492,101356.94957639447,3228020.591326178,3.0303030303030303,101086.41803966212,101040.48077132217,100422.66754804592,101571.19293500096,3234765.377269188,3.0303030303030303,101126.6240300772,101081.81477793577,100458.68679102887,101614.54452983693,3236051.96896247,3.0303030303030303,101176.02393071598,101134.8274667132,100504.54995572568,101665.92914310461,3237632.765782912,3.0303030303030303,100975.17393648246,100936.34128692113,100301.79217786633,101465.4659078564,3231205.5659674387,3.0303030303030303,100632.22101864856,100604.77474924985,99966.99337591961,101118.41185804422,3220231.072596754,3.0303030303030303,100418.45912596528,100392.90542258482,99757.8936746992,100901.06990174494,3213390.692030888,3.0303030303030303,100316.40497260928,100284.49397151572,99661.21162937867,100795.54486080498,3210124.9591234974,3.0303030303030303
MOZ.7.13_1,69.0,96923.84817827248,96950.02214327636,95964.28917270801,98136.83659832516,3198486.9898829916,0.0,96993.43065118807,97022.21607909154,96032.34675190324,98212.65812273788,3200783.211489206,0.0,96935.8021893883,96963.54428720856,95975.64468483065,98152.83483200957,3198881.472249814,0.0,97166.06656607178,97189.64030578657,96205.72736217787,98397.86215023443,3206480.196680369,0.0,97456.56780684927,97478.65112922805,96490.89134090519,98693.9011354426,3216066.7376260264,0.0,97647.67531514334,97668.59953058428,96677.540373148,98892.24710230893,3222373.2853997312,0.0,97667.64616977052,97689.95192894417,96692.89319225168,98917.7026693225,3223032.323602428,0.0,97698.93586941552,97725.40497596007,96721.76472601335,98950.58778357368,3224064.883690712,0.0,97496.62648763267,97525.97372938524,96520.140217836,98745.30023374985,3217388.674091879,0.0,97181.2402870832,97209.9779483306,96212.97531936306,98411.72546638412,3206980.929473745,0.0,96990.57179273557,97018.12109296733,96027.85240789037,98211.76030392713,3200688.8691602736,0.0,96909.07374846724,96939.1333186034,95950.23369191744,98130.59423071641,3197999.4336994183,0.0
MOZ.7.14_1,70.0,96249.02922017688,96220.64917282162,94556.76223599695,97625.52946830649,2406225.7305044224,0.0,96338.59325445694,96312.04084822183,94638.04060763324,97721.78806118347,2408464.8313614232,0.0,96273.23951407807,96245.24140921683,94574.64589676721,97653.55940664033,2406830.9878519517,0.0,96569.05857907856,96547.48812757301,94839.57164024188,97971.13290707767,2414226.464476964,0.0,96854.36203978217,96831.29391264179,95109.16887345242,98267.60973734963,2421359.0509945545,0.0,97054.23373149335,97032.02581712703,95295.41284621556,98477.03139603374,2426355.8432873343,0.0,97059.27572542355,97035.97955846477,95298.29434265707,98486.07875291213,2426481.8931355886,0.0,97075.23478474043,97052.44464917335,95323.07349558103,98498.08050269619,2426880.869618511,0.0,96863.37335805736,96840.12842318672,95121.13587435646,98280.54094962204,2421584.333951434,0.0,96513.36531836973,96487.2243958066,94807.81966579652,97901.62424423204,2412834.132959244,0.0,96324.85127660312,96299.88731001948,94627.8876252688,97708.4812410904,2408121.281915078,0.0,96268.2566907336,96243.2457043516,94564.69542337624,97653.29968835117,2406706.4172683395,0.0
MOZ.7.15_1,71.0,99789.35307151887,99786.51947433065,99238.20572591377,100477.06273328797,997893.5307151887,9.090909090909092,99856.5448213943,99855.06137848066,99305.60876328514,100542.80463252474,998565.4482139428,9.090909090909092,99797.02737667774,99795.17867268584,99246.34614108816,100482.7091832426,997970.2737667772,9.090909090909092,100008.54235027496,100010.54135567321,99459.88784107973,100691.13117879373,1000085.4235027495,9.090909090909092,100306.7363566186,100308.99818202158,99755.24179781905,100991.38678324176,1003067.3635661864,9.090909090909092,100510.34995190396,100513.38723794268,99955.37558776843,101198.7840965793,1005103.4995190395,9.090909090909092,100548.64667079863,100551.02684874431,99990.45185166733,101241.8311396868,1005486.4667079864,9.090909090909092,100599.79714916623,100600.78292268187,100039.43464746275,101297.88463093953,1005997.9714916623,9.090909090909092,100400.74664695199,100401.06014635335,99840.24312777328,101100.9907935582,1004007.46646952,9.090909090909092,100080.45967218906,100078.0549580166,99522.28729053515,100779.49708203356,1000804.5967218905,9.090909090909092,99873.212429357,99870.45632939572,99318.1790852826,100568.23650174036,998732.12429357,9.090909090909092,99765.59560116396,99765.15630835481,99215.2877154536,100452.07129888312,997655.9560116392,9.090909090909092
MOZ.7.16_1,72.0,98019.61470216894,97842.04417917524,96846.21995533547,100370.32951616199,5293059.193917123,1.818181818181818,98075.54191311463,97896.48370232027,96906.15286934984,100423.18672014902,5296079.263308192,1.818181818181818,98022.80905510168,97844.2318942234,96852.51618500699,100368.7838618593,5293231.688975492,1.818181818181818,98209.57853574675,98025.17111754439,97056.89203700703,100544.30358042463,5303317.240930325,1.818181818181818,98511.28406323589,98319.51757187175,97354.92343522972,100849.99501447377,5319609.339414738,1.818181818181818,98704.66410130203,98509.32991878984,97546.2239413917,101052.64018091762,5330051.861470309,1.818181818181818,98729.29136755453,98536.57500571516,97562.620822468,101094.950949796,5331381.733847944,1.818181818181818,98770.99212672914,98584.6945730061,97591.58723870068,101153.60514894027,5333633.574843373,1.818181818181818,98570.23898802932,98388.2210065634,97388.00895224148,100957.22016288842,5322792.905353583,1.818181818181818,98267.5198655078,98093.02611357108,97084.03632098057,100648.04490636627,5306446.072737421,1.818181818181818,98075.9519338109,97902.87842201412,96897.47343668046,100441.44054311224,5296101.404425789,1.818181818181818,97974.18032150474,97795.67203030516,96812.06786804856,100317.77732745858,5290605.737361256,1.818181818181818
MOZ.7.17_1,73.0,96674.08495692012,96735.76833642504,95371.46937452734,97909.01079380805,3286918.8885352844,0.0,96755.71971212838,96816.86076572763,95445.40236207537,97997.18606588924,3289694.470212365,0.0,96693.98362344038,96755.98420630084,95385.5227761026,97933.21199736632,3287595.4431969733,0.0,96962.3262601027,97021.50986478732,95634.8784308842,98223.29658030694,3296719.092843492,0.0,97250.3020040687,97310.51284913886,95914.6099888924,98520.16315228275,3306510.268138336,0.0,97446.06319752592,97506.10021490992,96103.29229748908,98724.68982835328,3313166.148715882,0.0,97460.24130762179,97521.42428395148,96112.42958554091,98742.3640345819,3313648.2044591415,0.0,97483.26264812224,97543.78903536376,96136.03595774698,98761.65363052553,3314430.9300361564,0.0,97275.3167358978,97336.36387331027,95931.35148187669,98548.10100482462,3307360.7690205257,0.0,96939.53515627672,97001.36961032725,95619.13690977432,98186.78813894438,3295944.195313408,0.0,96747.52233223424,96808.62995431226,95435.50191914367,97988.16329515076,3289415.759295965,0.0,96680.5759548291,96741.19937355835,95368.3741809808,97923.34588549146,3287139.5824641893,0.0
MOZ.7.18_1,74.0,94442.13755007923,94383.67732844946,93233.09797806117,95858.0082049108,5005433.290154199,0.0,94519.30633881454,94463.62012801359,93311.39146472675,95924.2572779696,5009523.235957169,0.0,94457.56632809163,94400.37316151004,93246.3740609976,95867.88508315828,5006251.015388857,0.0,94717.82582237142,94666.76348711553,93508.323602266,96098.12523688996,5020044.768585687,0.0,94989.75258015977,94936.60226203546,93767.96450753877,96386.281499755,5034456.8867484685,0.0,95179.84421767594,95124.66307088632,93952.60819183377,96583.62452435172,5044531.743536825,0.0,95176.11138835712,95123.67931503552,93944.34727063907,96586.45465137548,5044333.903582928,0.0,95195.58348657964,95146.15351633746,93966.08162184132,96602.94917121532,5045365.92478872,0.0,94991.9298970543,94942.70455027603,93766.54349455351,96394.99388890732,5034572.284543878,0.0,94681.09473799488,94629.04455797996,93468.46425807179,96085.24404304796,5018098.021113728,0.0,94500.29852906943,94449.3115474482,93292.63770432318,95897.75809705409,5008515.82204068,0.0,94441.71738512482,94388.94086122088,93235.25534202732,95834.86122894213,5005411.021411615,0.0
MOZ.8.1_1,75.0,93905.56076589883,93915.99683821328,93056.90544134576,94772.5967498099,3944033.552167752,0.0,93969.20665738953,93979.95833604806,93120.22545318547,94836.69913137793,3946706.67961036,0.0,93912.82148312966,93923.55865466614,93062.04992112544,94779.6899425938,3944338.502291446,0.0,94166.6482543164,94178.78673094556,93313.87223589355,95023.00970848813,3954999.226681289,0.0,94430.71002883057,94443.18062353873,93570.28348959432,95293.11554724284,3966089.8212108826,0.0,94644.4464676606,94659.20535554877,93774.66288455416,95505.29163974883,3975066.7516417457,0.0,94609.50842486275,94621.54411964641,93740.44748305102,95485.1589975042,3973599.353844237,0.0,94611.77504135812,94621.97163014498,93749.94967786687,95490.43854542804,3973694.55173704,0.0,94411.1481747898,94421.49222860574,93553.49834746,95284.87382230377,3965268.223341172,0.0,94086.30934521352,94092.7105226096,93244.93069193533,94963.73680751713,3951624.9924989683,0.0,93916.42674754775,93923.52888366484,93078.46568071946,94785.18329397502,3944489.923397007,0.0,93882.61101949976,93892.68131260457,93037.06562569027,94747.71472838926,3943069.66281899,0.0
MOZ.8.2_1,76.0,93668.14258866671,94147.59502456288,87018.59040651891,96011.9561522452,9647818.686632672,0.0,93691.35546342119,94169.62639878446,87044.47382074018,96036.69998652149,9650209.612732384,0.0,93684.43544766007,94163.64836839023,87029.0382633305,96031.70634924996,9649496.851108987,0.0,93857.50000621824,94338.23802797355,87186.40652929418,96218.16875982039,9667322.500640478,0.0,94091.87138286099,94576.31874003068,87363.3778525071,96472.82393265057,9691462.752434682,0.0,94337.80929765751,94822.98212456224,87524.42398949347,96751.53652724279,9716794.357658723,0.0,94278.31459570321,94764.68960538798,87479.8415096993,96687.2315231474,9710666.403357433,0.0,94281.95115231587,94761.26317626817,87527.55608750338,96675.42718126594,9711040.968688536,0.0,94061.22523083136,94534.25907181208,87361.67353803157,96434.86834235348,9688306.198775627,0.0,93746.74470509807,94213.44949104279,87126.5424394906,96090.72694890012,9655914.7046251,0.0,93602.7502923211,94072.8131201357,87005.68283977946,95938.18667601279,9641083.280109074,0.0,93597.12823570863,94072.99129212069,86953.62377586128,95946.52681803312,9640504.208277993,0.0
MOZ.8.3_1,77.0,91272.3973421084,90646.2210628232,87973.37453773293,95646.53462181496,4746164.661789636,0.0,91310.9128780354,90685.5228993082,88010.58978046408,95680.87367423848,4748167.46965784,0.0,91288.1386920852,90660.55094120637,87985.33088471029,95666.90438953033,4746983.211988431,0.0,91486.61899060123,90854.55218156373,88169.4270584262,95873.75249682716,4757304.187511263,0.0,91710.82894936408,91072.50213946962,88361.91195666043,96136.34133181127,4768963.105366932,0.0,91926.75679140653,91276.06558254793,88537.33994112784,96409.19348666805,4780191.353153138,0.0,91866.98115973489,91222.03851016416,88486.58785524129,96336.87474417512,4777083.020306214,0.0,91883.59057907859,91246.01259261844,88527.99058706974,96322.39412106668,4777946.710112087,0.0,91689.26483038807,91056.04950450856,88357.12117518476,96094.52407444363,4767841.771180179,0.0,91388.47272007764,90768.094529991,88101.11908599705,95738.7620493618,4752200.581444036,0.0,91247.6673047744,90627.96966697316,87971.39821100912,95586.74992331622,4744878.699848269,0.0,91217.5464544033,90591.89862094034,87921.59364444038,95583.62583504293,4743312.4156289715,0.0
MOZ.8.4_1,78.0,93583.23279785352,93698.72427245864,91478.15815788684,95551.94753537221,8796823.882998232,0.0,93633.96875690825,93750.731168941,91530.05010804826,95598.41063383213,8801593.063149374,0.0,93590.35739263947,93706.82697621273,91484.4651854566,95553.36736183584,8797493.59490811,0.0,93798.9106791316,93918.99288909213,91689.11389998028,95750.15159982836,8817097.603838371,0.0,94049.32775479092,94171.41979342874,91920.42584135356,96013.43952342767,8840636.808950346,0.0,94264.86540935695,94389.46894098687,92111.1535443492,96237.67514011828,8860897.348479554,0.0,94228.51169227052,94351.4690812108,92081.1647015859,96212.33769386764,8857480.09907343,0.0,94241.72967449392,94362.00472247216,92107.48958906252,96221.57697374644,8858722.589402426,0.0,94043.31411065492,94162.86669878932,91923.41377727846,96013.91312121043,8840071.526401563,0.0,93742.74996360188,93859.02438967332,91651.22549635821,95704.3026055152,8811818.49657858,0.0,93572.95080458887,93688.03509759744,91492.7949017874,95527.4458314868,8795857.375631355,0.0,93532.29037748162,93649.93350344108,91437.10094203665,95486.52851302738,8792035.295483273,0.0
MOZ.8.5_1,79.0,93155.23994682207,93491.35127823534,91934.3494663004,93762.79870334588,2422036.2386173736,0.0,93215.24508224988,93551.80088190873,91992.55444962737,93822.75326819,2423596.372138497,0.0,93165.28726653443,93499.8664562872,91944.53285357326,93773.86751880927,2422297.468929895,0.0,93408.27267880502,93744.85141446603,92184.85242099404,94016.17982508203,2428615.0896489304,0.0,93663.33739321443,94003.88430652607,92426.32867737256,94278.15349285494,2435246.772223576,0.0,93878.06604592537,94219.35763523132,92634.41492890668,94498.52255846924,2440829.7171940603,0.0,93833.41209683873,94178.0258762416,92584.60196558948,94454.10472739342,2439668.7145178067,0.0,93840.20301612171,94181.1386214001,92598.9517829368,94456.76349651114,2439845.2784191645,0.0,93641.36438336932,93983.10428020085,92404.21664037893,94254.36482164737,2434675.4739676025,0.0,93323.94696337669,93660.38069200916,92095.63914244866,93930.344539184,2426422.621047794,0.0,93155.8687568334,93492.34992027977,91937.27535680763,93758.45607664724,2422052.5876776683,0.0,93126.00832026624,93462.35040090076,91906.6281783874,93731.57269250133,2421276.2163269217,0.0
MOZ.8.6_1,80.0,95162.66289439742,95190.28108348824,91519.51622833901,98202.14875854543,13608260.793898832,0.0,95209.63378402503,95241.80224325886,91569.67492393233,98245.19295446278,13614977.631115582,0.0,95165.67430484536,95198.03286426015,91523.71947744033,98209.53417734193,13608691.425592888,0.0,95348.08189695713,95373.13658920194,91722.55836275892,98364.55422219992,13634775.711264867,0.0,95614.42801520892,95645.19852507481,91954.08939399313,98657.03034322275,13672863.206174875,0.0,95819.81909598588,95844.79039231394,92141.14798159373,98868.88405962658,13702234.130725985,0.0,95809.84002033694,95839.54083045758,92117.13332089258,98871.72262835831,13700807.122908182,0.0,95825.96853327613,95856.4269413607,92146.5533988554,98885.62126417656,13703113.500258487,0.0,95625.6616583266,95654.41735421178,91960.78434536413,98678.83933366905,13674469.617140707,0.0,95336.16629968652,95364.95629167119,91694.18808348793,98379.0704684926,13633071.780855173,0.0,95162.56389889463,95193.03243515393,91536.64096105713,98194.9300161968,13608246.637541933,0.0,95100.56921746331,95130.6256974633,91475.70251711935,98127.09364511837,13599381.398097254,0.0
MOZ.8.7_1,81.0,93635.19860960754,93527.16509004564,91324.06170713967,95737.87678959477,6179923.108234097,0.0,93693.55381542351,93586.00874454713,91376.55625284943,95801.67733772741,6183774.551817953,0.0,93642.99331951127,93535.98645014047,91330.35294517726,95745.91940262818,6180437.559087744,0.0,93866.37557408768,93762.50127521176,91534.79015254679,95981.75260738368,6195180.787889786,0.0,94124.69846747608,94019.73333528082,91765.91719581033,96262.70681021742,6212230.098853422,0.0,94328.54714949142,94228.71363921472,91952.42908867613,96473.8379975689,6225684.111866434,0.0,94305.95332166694,94198.86352592145,91925.3582840659,96465.41141714227,6224192.919230018,0.0,94319.94670527868,94210.02918276703,91953.87086690236,96469.49644115665,6225116.482548392,0.0,94119.38741248962,94009.44338874564,91769.57229636372,96259.64287524973,6211879.569224318,0.0,93817.35854097812,93711.48141457546,91499.8839524826,95938.99874726034,6191945.663704556,0.0,93645.9761469134,93540.5811074184,91342.70339539932,95751.69596486236,6180634.425696285,0.0,93600.59416135668,93493.15976605787,91284.51045171091,95707.50150584236,6177639.214649541,0.0
MOZ.8.8_1,82.0,93957.54627376344,94188.08728623687,90445.14916906216,96082.86917567484,6952858.424258498,0.0,93994.65312496774,94223.13558139195,90482.15728359748,96118.67154234355,6955604.331247611,0.0,93962.2581177634,94192.73601086428,90450.85296662213,96090.11258193446,6953207.100714493,0.0,94139.99054609293,94366.5625009459,90623.62835223113,96263.03971277902,6966359.300410876,0.0,94382.1371484868,94610.1737816268,90838.23323408893,96520.9668334568,6984278.148988023,0.0,94591.77433969024,94822.62268691996,91018.16467474074,96741.75811340568,6999791.301137078,0.0,94563.35286021787,94793.56317015547,90987.38783505524,96720.29264091447,6997688.111656125,0.0,94584.44278340592,94813.4984272924,91027.77149767237,96729.09927967012,6999248.765972039,0.0,94384.10382566047,94610.74625329727,90849.25451490203,96521.34585011439,6984423.683098876,0.0,94093.12670473199,94316.15053220453,90590.44433799306,96215.56209415924,6962891.3761501685,0.0,93927.30697093981,94149.26988637596,90440.38014753435,96043.08465588238,6950620.715849545,0.0,93885.21089386867,94113.02068333732,90379.37097703572,96004.09837901988,6947505.6061462825,0.0
MOZ.8.9_1,83.0,93330.23573679588,93572.0068080817,90244.7078618534,94180.91472038397,5039832.729786977,0.0,93396.5695115682,93638.08600841527,90294.18515950847,94245.32066938287,5043414.753624683,0.0,93338.8940608319,93580.80453622727,90253.70569563992,94189.42878330043,5040300.2792849215,0.0,93608.69685662807,93862.92165644873,90477.74508522834,94450.71526145324,5054869.630257917,0.0,93869.28950592077,94129.20490685831,90698.92393002263,94718.54997138145,5068941.633319722,0.0,94084.44380516901,94344.46838431984,90896.62746199037,94937.69616679102,5080559.965479126,0.0,94039.01352754113,94300.03094128602,90841.63417276712,94897.83554307383,5078106.730487222,0.0,94039.04729069935,94296.19741869936,90863.24660346,94894.2565032008,5078108.553697766,0.0,93839.70894573301,94094.61790530695,90680.2752767628,94692.00371277607,5067344.283069584,0.0,93505.60635701439,93747.10858942287,90389.60204009754,94356.95044623935,5049302.743278778,0.0,93342.20822709725,93586.95590392119,90246.57983893203,94186.49215511797,5040479.24426325,0.0,93313.40201005671,93555.34048267004,90208.98487286297,94158.21734769033,5038923.708543063,0.0
MOZ.8.10_1,84.0,96643.78015913456,96641.14080092924,93381.5177772277,98725.05111621394,14109991.903233645,0.0,96683.2679731224,96681.36459441688,93420.45282202896,98760.25664381414,14115757.124075873,0.0,96648.3934355157,96645.50644593485,93384.87706182543,98728.40718165626,14110665.441585293,0.0,96813.32969742682,96821.4953015632,93562.41068475443,98870.44193045686,14134746.135824315,0.0,97084.41632447043,97091.5597470482,93801.67672186132,99160.21427195436,14174324.783372685,0.0,97295.11066507988,97311.41573214123,94002.28956539836,99371.9944008658,14205086.157101665,0.0,97286.17960701164,97297.01286590094,93977.13218437997,99373.11567899428,14203782.222623698,0.0,97301.47275887072,97305.0247109853,94002.70083242023,99393.1549162202,14206015.022795128,0.0,97099.54620838368,97098.22872910427,93807.4102470414,99192.09768964804,14176533.74642402,0.0,96804.44693237828,96791.95176259348,93527.0037798553,98903.25102004284,14133449.252127225,0.0,96628.23037597213,96615.32466960087,93364.01665019736,98719.53258910569,14107721.634891927,0.0,96569.05946135258,96565.72364190347,93311.22689075164,98648.42001043152,14099082.681357475,0.0
MOZ.8.11_1,85.0,94221.88457299897,94273.03380563552,93043.86309188178,95394.93292670834,3580431.613773961,0.0,94283.92741646254,94335.13869135485,93102.4663412074,95458.77254555504,3582789.2418255764,0.0,94229.35358305716,94280.03890619072,93051.43248851431,95401.84109477178,3580715.4361561723,0.0,94467.99639278877,94522.76397532149,93282.54051424153,95641.83806398725,3589783.8629259733,0.0,94733.13061225387,94789.64384809721,93534.97327954127,95916.64727695986,3599858.9632656467,0.0,94943.62307010024,95002.9293400584,93743.25877243873,96127.84396681245,3607857.67666381,0.0,94918.64290087592,94974.66602234152,93707.25064026077,96116.36768342594,3606908.430233285,0.0,94926.39764297188,94980.22453288012,93718.8290584491,96120.49496530004,3607203.1104329317,0.0,94722.81798908989,94776.2158348743,93522.00048871784,95912.24725849988,3599467.0835854155,0.0,94404.93298836527,94453.34565801473,93215.3149075986,95592.75523088207,3587387.4535578806,0.0,94230.99883009515,94280.5771130007,93050.06646548015,95407.47632559568,3580777.9555436163,0.0,94193.84306287633,94246.33940714216,93011.43879824721,95367.00498792436,3579366.0363892997,0.0
MOZ.8.12_1,86.0,89990.47989291819,89748.50433009527,87165.55771046306,93596.86137562836,4229552.554967154,0.0,90029.36986418266,89778.5640504968,87202.1534249529,93642.34423745699,4231380.383616585,0.0,89999.99808598563,89757.75944721502,87175.64511425317,93602.13489704457,4229999.910041324,0.0,90183.57315107108,89922.8785741305,87347.83728419065,93799.30686590676,4238627.938100342,0.0,90396.35503172527,90128.87303819344,87534.37203857697,94045.42249485973,4248628.686491088,0.0,90581.27519586068,90312.87180630332,87692.6499267543,94258.71501898645,4257319.934205452,0.0,90541.68367835868,90273.5968890956,87653.6775813486,94224.8889511142,4255459.132882859,0.0,90577.92628235834,90311.94129800641,87704.94437503243,94244.2556654217,4257162.535270842,0.0,90397.2601431948,90130.60005149216,87543.31273962546,94044.76763140342,4248671.226730157,0.0,90131.74536012569,89870.52616518842,87307.2811123004,93747.20021090102,4236192.031925906,0.0,89983.72060026957,89726.09908801586,87175.24455127532,93579.51144508565,4229234.86821267,0.0,89931.05185397012,89677.35816840926,87108.77611488603,93535.67060636707,4226759.437136595,0.0
MOZ.8.13_1,87.0,90950.60575509946,91212.3532513117,88259.74378355357,93047.25061068503,2182814.5381223867,0.0,91002.62418688444,91264.64381651644,88302.71716109052,93105.14672209173,2184062.980485226,0.0,90961.68022960816,91223.99073003679,88268.32844094098,93058.76566584039,2183080.325510596,0.0,91182.69279267036,91445.11810921668,88472.38576947637,93290.4800460466,2188384.6270240885,0.0,91410.17750250839,91674.9587242605,88669.28305015828,93542.9235877274,2193844.2600602014,0.0,91610.09735398699,91877.12588488133,88849.18740089217,93756.23053764262,2198642.336495688,0.0,91560.35090150028,91828.36832866461,88793.03412759738,93712.1090351559,2197448.421636007,0.0,91582.46295913693,91849.96398145768,88828.25139962812,93722.16636767519,2197979.1110192863,0.0,91394.85222276578,91659.21279496037,88658.66947609793,93523.82939436908,2193476.4533463786,0.0,91105.18336098804,91367.46845955936,88397.38165664939,93214.96817093335,2186524.4006637125,0.0,90952.51845342992,91212.3228667872,88267.32199867068,93045.05921520117,2182860.4428823185,0.0,90914.07502671564,91175.44735990175,88218.89692687357,93012.50942634694,2181937.800641176,0.0
MOZ.8.14_1,88.0,95605.45313817787,95636.947687409,94468.88365187652,96629.02572235717,3824218.125527115,0.0,95667.22071354333,95698.84459391408,94528.29369974599,96692.16507723778,3826688.8285417324,0.0,95614.54977133663,95646.61253366768,94476.52592513313,96639.59138136814,3824581.990853466,0.0,95834.97862989966,95870.9536609392,94699.29721414103,96855.67290780002,3833399.145195987,0.0,96120.88385804386,96154.8911500864,94967.53392622748,97158.94697896462,3844835.354321757,0.0,96324.2418195634,96361.3219035734,95170.92543039077,97361.98635132296,3852969.672782536,0.0,96317.73212796304,96353.40545866164,95157.58791675187,97362.69203977664,3852709.285118521,0.0,96328.85762530027,96361.1813223027,95170.71256839296,97374.68065124762,3853154.3050120114,0.0,96120.05947048994,96152.61746490117,94965.59830047627,97160.92253176481,3844802.3788195984,0.0,95808.27708567584,95839.80355383428,94660.4261492675,96843.4469176476,3832331.083427034,0.0,95624.71898688523,95656.31489416376,94483.06066142392,96653.67643893253,3824988.75947541,0.0,95569.51987852453,95601.18116256724,94433.5056514136,96593.26470511887,3822780.7951409817,0.0
MOZ.8.15_1,89.0,92088.93787796376,92828.22537497773,87322.1091476441,94974.8496428421,9208893.787796376,0.0,92117.88758833766,92858.52579075504,87349.91560569017,95005.84368357268,9211788.758833766,0.0,92098.52393964806,92835.3488402462,87333.36211859481,94982.325399971,9209852.393964807,0.0,92268.11382453148,93004.08004119617,87493.1578177828,95157.99677981254,9226811.382453147,0.0,92489.31365199787,93231.00505339312,87674.51857671316,95402.78381333489,9248931.365199786,0.0,92693.94911853565,93436.08964279873,87838.87839447228,95625.31458113797,9269394.911853563,0.0,92652.06744389301,93399.5567966105,87795.19551550651,95591.9031661568,9265206.744389301,0.0,92677.30345622293,93424.88890738825,87842.90607848649,95604.62835179915,9267730.345622294,0.0,92478.71926649477,93226.54733776444,87674.79025856059,95391.60691730664,9247871.926649475,0.0,92194.90469562636,92941.66446611984,87436.69802246688,95086.9341142046,9219490.469562637,0.0,92043.93145368288,92783.44299561287,87310.52302823961,94920.91671517564,9204393.145368293,0.0,92016.1294614368,92753.24198314316,87257.77909878912,94898.5666962194,9201612.94614368,0.0
MOZ.9.1_1,90.0,100352.73899166104,100471.02341735897,98685.02192270113,100950.90901771693,6021164.339499663,0.0,100482.59852384796,100600.33137621713,98806.39667646796,101089.3035235368,6028955.911430878,0.0,100521.41714355042,100643.75736825881,98860.03036221642,101118.02352142695,6031285.028613025,0.0,100882.67416269687,101002.56560642856,99193.32927427096,101488.0289684374,6052960.4497618135,0.0,101221.60677279528,101346.20470416264,99513.97083359967,101829.53574837119,6073296.406367717,0.0,101489.3146323614,101615.94548428511,99773.01719812774,102099.83720302887,6089358.877941684,0.0,101399.02722402348,101520.32694995074,99669.84102483607,102020.73128445797,6083941.633441409,0.0,101400.53225732816,101520.80427858324,99678.70892428924,102028.82342756985,6084031.93543969,0.0,101197.34268995737,101317.4653825488,99484.27822147614,101823.39735521443,6071840.561397443,0.0,100704.98364673207,100824.02646183867,99015.97357654537,101328.44624799016,6042299.018803922,0.0,100523.81643994251,100640.60534766712,98837.89081851188,101145.05179357788,6031428.986396552,0.0,100460.03439738812,100576.8908329396,98781.33876596,101073.11919966404,6027602.0638432875,0.0
MOZ.9.2_1,91.0,99879.17764136742,99766.05976975504,99126.79204482613,100620.54342265632,2696737.7963169203,0.0,99997.41686828836,99886.8316095484,99242.07639603713,100738.08873030996,2699930.255443786,0.0,100008.14443922632,99902.92015767915,99252.86373463662,100747.19244675238,2700219.899859111,0.0,100375.26183350284,100270.86186223246,99610.7093611537,101121.30858876882,2710132.0695045767,0.0,100707.25028472173,100602.24153098068,99937.02693151693,101459.97294431603,2719095.7576874862,0.0,100975.9157813832,100867.5448266942,100199.87193072843,101735.69312856617,2726349.7260973467,0.0,100907.92620611693,100795.29933521336,100130.22006735668,101671.13073114533,2724514.007565157,0.0,100871.327067199,100765.38757456427,100095.33788658796,101626.97256655426,2723525.8308143727,0.0,100643.209403609,100538.64832828377,99868.45223430569,101395.71024199256,2717366.6538974443,0.0,100132.05645422508,100029.60710023798,99368.19783376488,100871.82132796005,2703565.5242640767,0.0,99988.06364500805,99885.66724029918,99226.78264316717,100725.39352316927,2699677.718415217,0.0,99927.6503017372,99823.20573868637,99170.25516821859,100664.91510448264,2698046.558146904,0.0
MOZ.9.3_1,92.0,98964.77662383896,98800.90875701113,97869.38999107027,99905.70867252367,3067908.075339008,0.0,99069.08116043931,98914.25019563382,97978.80758624547,100012.35746051244,3071141.5159736187,0.0,99081.7363670321,98922.67998481893,97988.78088487867,100023.72410959427,3071533.8273779955,0.0,99428.97731235887,99277.4266305609,98331.22635500481,100382.69691888617,3082298.296683125,0.0,99756.50541481876,99599.27209573337,98645.59240063897,100720.1630496545,3092451.667859381,0.0,100022.90006105768,99859.57240697443,98898.70964592883,100994.60441378117,3100709.9018927882,0.0,99947.6745691357,99790.14358899713,98825.61769864586,100919.87378180065,3098377.911643207,0.0,99903.34936469122,99755.19218157783,98795.79780807227,100867.56733826744,3097003.8303054282,0.0,99675.58778419744,99529.93701876783,98573.21084292461,100636.0197851351,3089943.22131012,0.0,99174.80094092996,99035.45450228595,98093.06745850288,100119.3128194463,3074418.8291688287,0.0,99031.89964233113,98894.74462755733,97954.51638156622,99972.7087186322,3069988.888912265,0.0,98984.84828054656,98840.711960312,97904.38104341284,99925.36315424251,3068530.296696943,0.0
MOZ.9.4_1,93.0,99597.95914861043,99586.36548229052,98248.45385846707,100959.81889819796,5975877.548916626,0.0,99732.25162786683,99724.66904501404,98376.74056628069,101112.27229638114,5983935.09767201,0.0,99725.12500001726,99716.61754968,98373.62184024314,101077.01764652683,5983507.5000010375,0.0,100104.20559035052,100094.80617542485,98737.66287766931,101484.16911498882,6006252.335421031,0.0,100428.9385449584,100420.10975756108,99049.85197811414,101817.08068362618,6025736.312697505,0.0,100688.16018006527,100680.18378798863,99299.19386356632,102080.97534148014,6041289.610803917,0.0,100628.85987723543,100618.70394025443,99232.88019815124,102042.91666107668,6037731.5926341275,0.0,100615.57240837392,100611.86701700084,99221.92481818802,102043.5180878517,6036934.344502436,0.0,100393.22140412973,100390.65873914848,99004.43812818736,101821.46536005783,6023593.284247782,0.0,99899.67297844328,99899.39004163488,98531.30164585351,101318.5088970543,5993980.378706598,0.0,99754.3748200192,99754.61204557613,98390.65544193027,101165.8186130365,5985262.489201153,0.0,99687.77192551957,99685.94963381314,98330.43445094759,101085.95936654533,5981266.315531175,0.0
MOZ.9.5_1,94.0,99427.2505239559,99459.44468074506,98258.16628122953,100388.93117762967,5866207.780913398,0.0,99543.24418942188,99573.72587084904,98362.00869037087,100516.46792588024,5873051.407175891,0.0,99614.0023998345,99633.5142605668,98435.09189114107,100585.79392990744,5877226.141590238,0.0,99943.33537586703,99976.78628363863,98756.70098519373,100918.60918688924,5896656.787176155,0.0,100276.33289407773,100313.09627329664,99080.71666734226,101257.49740758169,5916303.640750585,0.0,100544.73273845717,100583.46672576305,99349.63926730273,101525.96634871312,5932139.231568973,0.0,100434.01536861312,100469.75251201069,99223.46293015778,101430.40059245944,5925606.906748174,0.0,100434.42542886107,100462.5497030488,99221.42770244744,101440.55748201133,5925631.100302802,0.0,100242.55793089703,100269.964588694,99040.02838551844,101241.52058777961,5914310.917922925,0.0,99759.61628720547,99778.34938758367,98565.23500075024,100756.58296029306,5885817.360945122,0.0,99569.5091616701,99592.83503136333,98377.62182769043,100562.06914076427,5874601.040538535,0.0,99514.36853662084,99541.07975462447,98336.28292175604,100493.09778877144,5871347.74366063,0.0
MOZ.9.6_1,95.0,100631.5312061211,100720.72589900963,100090.07086059044,100958.63237788787,2616419.8113591485,0.0,100769.98263066116,100858.39379019916,100222.50255498834,101100.85682240751,2620019.54839719,0.0,100769.35612656867,100859.32583730364,100229.66605156843,101102.18665938624,2620003.259290786,0.0,101164.4501598141,101255.4423808879,100616.94676077539,101496.19602642977,2630275.704155166,0.0,101503.9421383758,101595.98575605288,100953.57053233004,101836.98927709562,2639102.495597771,0.0,101771.43920279594,101864.67627615204,101217.53531113316,102106.98228303187,2646057.4192726943,0.0,101697.23103560683,101788.11103128438,101137.13978935838,102034.61852067402,2644128.006925778,0.0,101694.18977096162,101785.6025899812,101128.25803925624,102038.29121411027,2644048.934045002,0.0,101482.70004173755,101574.9541106449,100916.61029968833,101828.93921829725,2638550.201085177,0.0,100982.7354587581,101074.74903898683,100420.41747791851,101329.35404421588,2625551.1219277107,0.0,100814.0557224344,100902.80783474473,100256.66894501801,101154.77640071868,2621165.4487832948,0.0,100747.20052773342,100836.31108755227,100196.40403776897,101083.74247533947,2619427.213721069,0.0
MOZ.9.7_1,96.0,97904.24692160355,98403.26087881225,91701.84865895633,100435.963760248,5286829.333766594,0.0,98023.09184684244,98524.03519599453,91816.37967612137,100556.09942891652,5293246.959729492,0.0,98048.71303514934,98553.06467009908,91815.48867317896,100584.09431711996,5294630.503898065,0.0,98403.82409920248,98911.44254604717,92120.17029961737,100964.75949525977,5313806.501356934,0.0,98719.9841283719,99233.76784317486,92362.91093078603,101308.75721278992,5330879.1429320825,0.0,98969.88328773387,99486.67852826539,92564.14004136431,101577.14010645574,5344373.697537628,0.0,98884.04602362259,99399.320060951,92485.8873426398,101494.81040039824,5339738.4852756215,0.0,98874.38287862996,99388.68376279745,92520.29058158943,101466.75760130734,5339216.675446019,0.0,98664.25463259414,99177.99087698649,92329.61551759203,101248.56282275336,5327869.750160083,0.0,98190.00491507338,98695.79755165767,91964.74626500582,100732.33648113566,5302260.265413962,0.0,98041.31745297117,98544.56473749405,91836.45058884274,100578.86559636184,5294231.142460443,0.0,97990.87355965844,98494.69657775236,91788.44504906896,100523.10116799867,5291507.172221555,0.0
MOZ.9.8_1,97.0,100473.07538992172,100448.19319273497,99910.23074795482,100976.4528909409,4320342.2417666335,4.4444444444444455,100604.37033231283,100575.59213617686,100029.97209390238,101119.5336587022,4325987.924289452,4.4444444444444455,100680.8869907133,100653.11014664103,100123.64812063712,101175.72126649148,4329278.140600672,4.4444444444444455,101003.55253562648,100977.97950730863,100429.57538868613,101516.8304624547,4343152.759031938,4.4444444444444455,101342.44953255099,101318.19271744876,100764.92489726818,101856.29892054523,4357725.329899693,4.4444444444444455,101610.8082859392,101585.16190079133,101034.6444532942,102125.43305405932,4369264.756295385,4.4444444444444455,101518.56523733906,101490.42233859326,100927.6461694232,102048.35865396961,4365298.30520558,4.4444444444444455,101533.62146705722,101500.92346189344,100939.89579374294,102067.09280908246,4365945.723083462,4.4444444444444455,101335.1345101567,101302.91206188544,100747.7084211224,101863.5827051244,4357410.783936738,4.4444444444444455,100854.8514045389,100820.52997112904,100271.12432739863,101379.53993125912,4336758.610395174,4.4444444444444455,100658.79827628472,100627.28587500264,100071.54219651382,101189.35224955283,4328328.325880243,4.4444444444444455,100585.52550456057,100551.43427254244,100004.1851865671,101111.63898341374,4325177.596696104,4.4444444444444455
MOZ.9.9_1,98.0,98342.13470260444,98230.47456350752,96419.41727242539,100149.16405662203,4720422.465725014,0.0,98458.70245608538,98345.86194326472,96530.69709367907,100270.15049269797,4726017.717892096,0.0,98473.01192152312,98357.70188636758,96541.0721964727,100287.47185174863,4726704.572233109,0.0,98826.57166704473,98709.85604948162,96874.17914226967,100660.04538563773,4743675.440018147,0.0,99143.98574105537,99026.94794103064,97169.78553148694,100996.79109674477,4758911.315570658,0.0,99398.530099183,99280.6690039107,97410.05283081807,101264.5147824735,4771129.444760784,0.0,99323.82543848004,99205.85906853787,97336.78536745992,101191.0192589582,4767543.621047042,0.0,99299.91779762699,99181.10641635387,97322.57166687908,101159.64486983248,4766396.054286096,0.0,99079.03310913104,98959.26774299543,97106.62378484626,100933.71686475012,4755793.589238292,0.0,98593.1887985267,98473.21678402666,96651.90474216187,100419.92503423712,4732473.062329281,0.0,98452.68595575044,98333.06959650738,96518.0646296184,100274.10506879754,4725728.925876021,0.0,98397.57258749157,98280.7653710452,96468.06416531657,100211.35341547431,4723083.484199595,0.0
MOZ.9.10_1,99.0,100510.25447782477,100753.05181055113,99217.38628291727,100973.84590926056,4522961.451502115,0.0,100653.34494814127,100895.27510104368,99348.9741238238,101125.58577240867,4529400.5226663565,0.0,100632.2593601812,100874.76247148053,99337.94395503741,101091.2682975776,4528451.6712081535,0.0,101022.29300681002,101265.180227236,99710.09209857797,101492.68606359404,4546003.185306451,0.0,101351.31572229274,101596.99578711973,100028.16328996814,101823.42104281642,4560809.2075031735,0.0,101614.05750492221,101861.47008695695,100284.55700940457,102084.04446440998,4572632.587721499,0.0,101573.03091130684,101822.35187722072,100231.44339041016,102057.00813145588,4570786.391008806,0.0,101560.51840540193,101805.05085070909,100216.15622819503,102052.57714055432,4570223.328243087,0.0,101331.27140993404,101570.822127926,99989.71979400734,101825.53263564275,4559907.213447032,0.0,100828.18752683207,101061.66786506557,99501.13682000329,101322.68320776652,4537268.438707443,0.0,100679.82746309266,100912.83558534473,99358.78078376176,101170.13203613897,4530592.2358391695,0.0,100608.46984343557,100843.29518131996,99293.62561407164,101092.14837474117,4527381.142954601,0.0
MOZ.9.11_1,100.0,99951.464557749,99963.206545979,98482.9624675272,100917.29556067588,6097039.3380226875,0.0,100089.79201678184,100102.1000343384,98612.97069286546,101069.14416789931,6105477.313023693,0.0,100080.99987662227,100093.4588794851,98611.43747785053,101034.0817046831,6104940.992473959,0.0,100472.30233570882,100485.27489869854,98981.55813832443,101444.12347871996,6128810.442478239,0.0,100803.23955573996,100816.94241293168,99299.7205584084,101777.15023039078,6148997.612900138,0.0,101064.45050438102,101079.62376883476,99551.30814909494,102041.59504773232,6164931.480767243,0.0,100998.41266191746,101010.1934026698,99478.06397913481,101999.13704439923,6160903.172376965,0.0,100992.81778280686,101005.9550942959,99470.3645121798,102000.94603894664,6160561.884751217,0.0,100777.04583878984,100792.11591018234,99255.47713379753,101779.63761024944,6147399.796166183,0.0,100283.15113085754,100299.12048272928,98779.95722977226,101277.88279492912,6117272.21898231,0.0,100128.22128696396,100141.83532961176,98634.79603721727,101123.2143047917,6107821.498504803,0.0,100061.5005610608,100074.84091704183,98574.75095761224,101044.51000874783,6103751.53422471,0.0
MOZ.9.12_1,101.0,100074.29152160489,100281.4737318692,98801.573906449,100849.28704089412,3302451.6202129605,0.0,100198.97868871133,100405.11093528332,98920.79895628252,100980.32271658184,3306566.296727473,0.0,100227.46996748805,100435.47375851248,98954.54560168268,100998.27172180693,3307506.508927105,0.0,100601.99713312514,100812.78065692897,99314.90602036416,101386.1357302866,3319865.9053931287,0.0,100942.2252804342,101156.01563794118,99642.3356136622,101732.88292680014,3331093.4342543287,0.0,101207.75786571816,101422.41021380592,99899.20122038086,102002.58692194727,3339856.0095687,0.0,101116.42904122378,101333.39004013683,99805.75607393918,101917.89151572893,3336842.158360384,0.0,101104.26670759077,101315.40319764787,99797.3774143031,101905.27216857047,3336440.8013504962,0.0,100895.22359697244,101102.87534195126,99589.23027922054,101694.74341020107,3329542.37870009,0.0,100393.58134002279,100594.09324896986,99102.6200271252,101186.6500736995,3312988.1842207527,0.0,100228.1506768866,100432.2500854816,98945.81662185074,101015.2794922475,3307528.9723372576,0.0,100172.70027667537,100378.35673122556,98894.79195159057,100955.12800929461,3305699.109130287,0.0
MOZ.10.1_1,102.0,88207.16928172672,88274.25539196242,85501.33559395162,91212.82648509779,2469800.739888348,0.0,88253.96005759017,88318.06979357755,85549.49661802419,91262.95514767373,2471110.881612525,0.0,88238.34273679668,88305.98713305357,85520.7129827575,91260.3755299366,2470673.596630307,0.0,88449.84642708485,88513.29486992446,85717.43016404992,91499.46968084779,2476595.699958376,0.0,88653.36108046393,88716.65093644313,85888.5360769516,91741.65485492152,2482294.11025299,0.0,88847.63715588514,88914.0578402179,86048.95250931919,91967.78987446043,2487733.840364784,0.0,88773.68105338964,88838.29840444952,85990.70315240428,91880.42270099415,2485663.0694949096,0.0,88798.07395039334,88860.3363445383,86044.20692614082,91871.45869714144,2486346.0706110136,0.0,88620.99993934101,88681.7926556282,85883.91595313822,91679.77326117796,2481387.9983015484,0.0,88329.76927589382,88389.77682117412,85643.85475118202,91324.23279358154,2473233.539725027,0.0,88211.38344747627,88272.31432602841,85529.98356390907,91199.73756589428,2469918.736529336,0.0,88172.96322040822,88235.58821064861,85474.45763224916,91173.86901197037,2468842.97017143,0.0
MOZ.10.2_1,103.0,95740.42496367679,95724.30353853748,94090.4740074168,97442.64501880556,6989051.022348406,0.0,95806.40577810274,95789.97978512963,94161.77645750275,97505.04291097797,6993867.6218015,0.0,95830.4297826181,95814.62313844057,94180.14175205622,97536.90333014812,6995621.374131123,0.0,96098.0704809076,96084.44075966426,94440.29097088307,97813.4426603176,7015159.145106254,0.0,96389.15800695283,96377.94663088424,94708.003064565,98127.14039610226,7036408.534507558,0.0,96662.39859140864,96647.62877894123,94966.77610289818,98414.90019261412,7056355.097172827,0.0,96566.18850536976,96551.35336080744,94875.02914852099,98313.82636850543,7049331.760891993,0.0,96518.4444827798,96507.2118041482,94842.59498502825,98246.39984567488,7045846.447242925,0.0,96292.10332250883,96282.50484994038,94620.64175358649,98012.63122293683,7029323.542543145,0.0,95817.76914229146,95811.61491726217,94174.80822388652,97506.92464714976,6994697.147387277,0.0,95709.85436830336,95699.80982180242,94076.37336997694,97390.51258268004,6986819.368886145,0.0,95700.48238132127,95688.07733745461,94058.57361975321,97385.1054137424,6986135.213836454,0.0
MOZ.10.3_1,104.0,96869.85002881556,97003.2693611278,94086.75975120373,98895.40358833603,7458978.452218799,0.0,96945.71578478064,97076.01574973695,94174.38957114505,98967.4864162915,7464820.115428109,0.0,96970.2678701138,97103.5851640272,94185.23676756043,99001.3680102009,7466710.625998762,0.0,97261.35186862787,97389.75197172088,94473.61390913645,99300.63959892152,7489124.093884346,0.0,97567.01488449906,97696.95629581124,94745.20497639768,99631.51730750014,7512660.146106428,0.0,97838.7488143267,97972.51716587108,94984.78043884774,99923.9178099367,7533583.658703156,0.0,97747.9712234064,97878.96323953038,94902.61303107683,99827.62817802792,7526593.784202293,0.0,97699.86198797508,97826.85212467906,94886.79279037543,99756.11103402516,7522889.373074081,0.0,97473.82253066324,97600.41839633467,94674.06599212132,99520.76550346467,7505484.334861071,0.0,96987.89285059324,97112.3116735772,94244.10022808264,98995.40750097088,7468067.749495679,0.0,96865.54329510145,96991.14225047007,94129.81565989232,98862.96710314786,7458646.833722811,0.0,96842.80184651892,96969.5114936918,94094.01304341084,98844.65716489867,7456895.742181955,0.0
MOZ.10.4_1,105.0,92930.87960884439,92944.1782100445,88954.3754174748,96596.97000544604,6969815.97066333,0.0,92972.59451149392,92985.10729704931,88984.22865766598,96650.02559110707,6972944.588362043,0.0,92996.13595239344,93007.09083023775,88988.93414990707,96682.43996925221,6974710.196429509,0.0,93220.32279539738,93231.3326926915,89173.40906395693,96941.7256931154,6991524.209654802,0.0,93472.07747216435,93483.43782342644,89374.74355044757,97240.62549075976,7010405.810412329,0.0,93727.7757007167,93740.00951175606,89587.90315694227,97529.05918777737,7029583.177553752,0.0,93622.57973370916,93633.37544681996,89501.7383934767,97422.04136077524,7021693.480028186,0.0,93585.83078779784,93595.59441763617,89510.8230329377,97351.85652518217,7018937.309084836,0.0,93373.50621538273,93382.15899747654,89322.22812291318,97121.50085230052,7003012.966153704,0.0,92969.01191079414,92975.33584093985,89020.61612853776,96630.41679901608,6972675.8933095625,0.0,92868.94624457242,92878.10253178484,88913.92465278461,96523.63696887408,6965170.968342931,0.0,92874.75359653322,92888.80075550792,88897.7753833843,96530.196806469,6965606.519739993,0.0
MOZ.10.5_1,106.0,95248.86939672855,95422.47057811717,89903.15803187079,97939.49005077613,5143438.947423342,0.0,95306.68249956956,95478.33426959378,89954.19020593859,98008.15342960207,5146560.8549767565,0.0,95331.8569839782,95506.85250200912,89958.27661965402,98040.40015132092,5147920.277134823,0.0,95595.7108305698,95766.62695399934,90185.94132480252,98328.17167015963,5162168.384850768,0.0,95882.39361400707,96052.80576217675,90412.42171037557,98647.87302989184,5177649.255156383,0.0,96148.44148828734,96322.79596193756,90626.12396494094,98934.7759793572,5192015.8403675165,0.0,96046.69198812725,96218.98567542087,90536.21726488882,98836.56213356658,5186521.36735887,0.0,95997.39180208015,96166.73988403748,90537.34875051881,98768.93351145732,5183859.157312328,0.0,95779.27735860764,95945.35316750313,90352.97438184287,98537.07009028696,5172080.977364812,0.0,95322.84969845416,95483.00587976762,90009.08523476422,98026.18584514868,5147433.8837165255,0.0,95208.18373070813,95373.67983212297,89898.08636536456,97900.87865730448,5141241.921458239,0.0,95197.22593350234,95368.26211724164,89870.75680584527,97885.94554123595,5140650.200409127,0.0
MOZ.10.6_1,107.0,90365.77453015967,90218.73393640481,87043.74390050731,94081.21932825763,5331580.697279422,0.0,90408.81021384754,90264.52252274072,87081.42533967552,94129.12399914113,5334119.802617005,0.0,90417.77194131936,90275.1542028509,87079.0181716692,94154.59705566088,5334648.544537843,0.0,90633.81131260023,90494.9408658584,87267.3418952991,94396.56083697424,5347394.8674434135,0.0,90860.71392518564,90722.22919968734,87453.50000411579,94665.84862375696,5360782.121585953,0.0,91084.43315919557,90943.1118023536,87642.66030097089,94927.47572559436,5373981.5563925365,0.0,90991.67471230157,90848.86378512386,87563.26362914611,94822.56990642939,5368508.808025792,0.0,90984.74583093855,90844.1363021101,87589.75331419674,94777.37292373764,5368100.004025375,0.0,90793.18442890394,90656.32482352645,87418.41016973692,94561.80062345383,5356797.881305332,0.0,90444.37829455284,90303.01901107682,87139.851373549,94129.30684691117,5336218.319378616,0.0,90339.35962584306,90199.68241283266,87036.56622418089,94027.72348096492,5330022.217924742,0.0,90321.38389345912,90179.16069202463,87003.08859104611,94025.03995460774,5328961.649714089,0.0
MOZ.10.7_1,108.0,96259.15307321512,96463.679107876,94440.61864705227,97144.56557536926,6641881.562051844,0.0,96314.2159971497,96511.75399565633,94507.63480439784,97197.56069971043,6645680.90380333,0.0,96325.4219198286,96513.90152446678,94526.13439572576,97206.9119458784,6646454.112468174,0.0,96591.89767483367,96783.70195853156,94783.32998470675,97480.61715767244,6664840.939563522,0.0,96884.71189986831,97077.31447931335,95054.90096058599,97783.5612218006,6685045.121090915,0.0,97177.29837097664,97377.1124610082,95320.09282295275,98087.88598688386,6705233.587597388,0.0,97078.21358590844,97275.9784765873,95226.44246504939,97987.76481947166,6698396.737427683,0.0,97014.72491523443,97205.46240300598,95186.79596163561,97915.05290966704,6694016.019151176,0.0,96772.32337514027,96953.81757574133,94961.57424159156,97663.81729908824,6677290.312884679,0.0,96281.0575121355,96454.0273299178,94509.36273568457,97153.48863950443,6643392.96833735,0.0,96190.0544934084,96375.44776693569,94411.95402591275,97064.49547990406,6637113.760045179,0.0,96198.31605242623,96393.11786310477,94400.76375060246,97079.400530175,6637683.807617409,0.0
MOZ.10.8_1,109.0,92959.88470813936,92561.6494531917,89722.44572231111,97012.08972200847,12921423.97443137,0.0,93010.42512408632,92616.1155828446,89763.40567115859,97067.19223400512,12928449.092247995,0.0,93037.62653197812,92643.44741783307,89787.58183469831,97099.42118801447,12932230.087944955,0.0,93268.24312969856,92876.43135268328,89982.17979225203,97362.8266082408,12964285.795028102,0.0,93524.01192278322,93129.70962521648,90198.77456144082,97667.92762560367,12999837.657266865,0.0,93780.01524215413,93379.01985835787,90426.3669562314,97958.75403031237,13035422.118659426,0.0,93678.66935053043,93277.23078085408,90328.28986605653,97853.25320086222,13021335.039723732,0.0,93646.14451540908,93248.15407363963,90325.132505443,97781.45076671462,13016814.087641865,0.0,93431.89527284553,93039.54568377082,90125.64305847287,97547.95712309668,12987033.442925528,0.0,93006.45451458226,92620.2489465089,89765.89460807711,97048.3062991451,12927897.177526934,0.0,92912.80875752892,92523.40562462936,89682.72367615961,96939.43782262695,12914880.417296518,0.0,92915.43150317957,92523.16397727736,89681.46053784233,96944.88076481986,12915244.978941958,0.0
MOZ.10.9_1,110.0,96738.3583382252,97255.48364054394,91977.09980826736,98906.20510259668,6771685.083675764,0.0,96808.73541559775,97324.43128914948,92040.39669783977,98982.1626941858,6776611.479091844,0.0,96828.95023522123,97347.32445987267,92033.10919844943,99009.74038563756,6778026.516465488,0.0,97123.03026521883,97643.86137011164,92299.75190377622,99320.59884174836,6798612.11856532,0.0,97429.64470562496,97955.96092435463,92553.25291370704,99652.49619482506,6820075.129393747,0.0,97698.99025808387,98231.8720804042,92778.58886396977,99936.58209521977,6838929.318065872,0.0,97603.99183656821,98133.99462134381,92691.55141456166,99847.29773243699,6832279.428559774,0.0,97551.731652514,98074.31752231717,92681.91735376816,99782.1585873076,6828621.21567598,0.0,97329.06713057807,97847.27150167187,92489.17019781924,99547.52136525307,6813034.699140464,0.0,96854.55616743906,97353.9723976603,92113.3115807911,99033.27492641332,6779818.931720735,0.0,96721.00945672087,97228.166034071,91982.13503591708,98892.964522155,6770470.661970463,0.0,96698.83807075242,97208.48527794439,91954.58167388712,98869.24146625496,6768918.664952667,0.0
MOZ.10.10_1,111.0,99044.70111788018,99189.91148694973,97097.14903681396,100564.2038776216,5150324.458129769,0.0,99141.89232432855,99278.46223149824,97197.77112653817,100680.87697668627,5155378.400865086,0.0,99150.99033872213,99297.49324011273,97186.99706272002,100689.13638150973,5155851.49761355,0.0,99494.73415598217,99630.35838686352,97527.79937639787,101061.04939624836,5173726.176111072,0.0,99823.93144894844,99964.13546684165,97834.19459285786,101400.9741463681,5190844.435345319,0.0,100096.38391396904,100243.00542538527,98083.39054981916,101677.41141835637,5205011.963526391,0.0,100017.6052962908,100157.78675865283,98010.59242057717,101611.59328742792,5200915.475407122,0.0,99965.87793185282,100098.29768184047,97979.54858670683,101563.73832228543,5198225.652456349,0.0,99735.6941862994,99864.66966579754,97759.16208391539,101333.20618015516,5186256.0976875685,0.0,99233.58170492547,99356.00067615586,97297.72133413352,100808.49689434482,5160146.248656125,0.0,99087.1570391291,99207.06792103867,97158.62030805153,100661.58601011393,5152532.166034713,0.0,99048.19585682533,99174.77046026877,97117.38989490774,100605.00761255577,5150506.184554917,0.0
MOZ.10.11_1,112.0,89346.51225997793,88988.96164072512,86473.0975902954,93026.14983611516,2680395.3677993384,0.0,89400.7428884508,89038.08063794547,86533.4989403255,93083.05441597619,2682022.2866535243,0.0,89382.36503202608,89021.86947720955,86490.48749524566,93088.52109967446,2681470.9509607824,0.0,89618.73583507174,89247.75458013958,86720.78935120141,93348.51942027881,2688562.0750521524,0.0,89839.13061844137,89463.68910091955,86906.04990265344,93612.5101420367,2695173.918553241,0.0,90040.75041075537,89663.91760317584,87072.12445666964,93853.9073418466,2701222.512322661,0.0,89963.66406508033,89586.77565605377,87012.211308403,93759.81688647068,2698909.9219524097,0.0,89978.41246159848,89601.35208417129,87063.89300426001,93734.1487618493,2699352.3738479544,0.0,89797.35205255961,89422.47701899515,86896.0771297395,93534.13371440338,2693920.5615767883,0.0,89476.78972356403,89109.93129744448,86635.216994295,93132.9677649703,2684303.691706921,0.0,89355.77499574568,88991.58512062377,86518.5895390197,93008.70958528212,2680673.24987237,0.0,89318.8211358928,88955.34938585754,86464.36762403451,92987.38976254586,2679564.634076784,0.0
MOZ.10.12_1,113.0,93254.72190061276,93036.54280519784,89844.88596595629,96966.02546395807,8952453.302458826,0.0,93298.63754015775,93085.04194922764,89881.68528295029,97018.38672429821,8956669.203855144,0.0,93316.75129263748,93106.52147052868,89905.75116473039,97031.57374098619,8958408.124093197,0.0,93545.9333819117,93339.36599950868,90092.59172128237,97303.31394125166,8980409.604663523,0.0,93799.62299034712,93594.40453600297,90305.50200443716,97603.84801832798,9004763.807073321,0.0,94065.42461555342,93855.07663008069,90537.65216355164,97906.11132430787,9030280.763093127,0.0,93964.84902175225,93755.99685340095,90440.31524780957,97804.8716388237,9020625.506088216,0.0,93923.45437191428,93721.18540526037,90432.72606543874,97734.9737374814,9016651.619703773,0.0,93697.762747045,93498.56171797002,90228.3643979778,97485.18789501236,8994985.22371632,0.0,93262.22313051732,93064.52384228313,89868.67224528865,96976.33847349486,8953173.420529664,0.0,93189.69566466649,92985.95653470373,89794.3156518998,96888.68063639374,8946210.783807982,0.0,93201.27362712688,92990.2425586452,89798.71959103446,96903.91777269363,8947322.268204179,0.0
MOZ.11.1_1,114.0,94511.4471786898,94392.86910500537,91584.9697832703,98317.25018846607,4725572.35893449,0.0,94606.2485265216,94488.25917659566,91668.4363871962,98423.45886059786,4730312.42632608,0.0,94536.70864412402,94418.59160736793,91599.72092559208,98353.49589153107,4726835.432206201,0.0,94853.53084424447,94736.56597990317,91877.70446911168,98713.70750296518,4742676.542212224,0.0,95127.935925319,95010.99339737537,92123.35772181804,99025.48897604682,4756396.7962659495,0.0,95326.04726470547,95209.06542860498,92302.2228711014,99249.71506946688,4766302.3632352725,0.0,95311.74158020894,95192.41540110637,92282.55937359623,99243.80066854882,4765587.079010447,0.0,95322.34813869368,95201.41142909738,92311.66107042557,99233.01017937373,4766117.406934683,0.0,95113.01147542497,94992.46091032348,92116.96268750084,99005.12088475267,4755650.573771249,0.0,94763.06421731572,94641.64741227373,91821.08822208307,98584.06041269633,4738153.210865786,0.0,94590.67612404477,94470.1794316668,91660.01210495304,98403.2353972094,4729533.806202237,0.0,94542.3062204946,94423.22146128165,91603.25879943368,98362.16978773764,4727115.311024729,0.0
MOZ.11.2_1,115.0,100909.9485843036,100918.8090402128,100772.71441330585,100970.83776164992,3430938.251866322,0.0,101058.78053879947,101068.91446971805,100913.64616788724,101124.01588023355,3435998.538319183,0.0,101021.00423031238,101030.12158737896,100889.68904030453,101086.83932826424,3434714.1438306207,0.0,101418.08437877377,101428.73765555472,101281.33966870351,101488.83564309886,3448214.868878308,0.0,101747.6457727488,101757.06218254716,101613.83036452543,101818.40981892662,3459419.956273459,0.0,102005.62076190356,102013.1212755202,101877.641181565,102077.43850686232,3468191.1059047217,0.0,101985.11886013382,101996.66083133534,101841.0544113011,102054.6476987414,3467494.0412445506,0.0,101977.15053192351,101989.26951155582,101822.05803261972,102051.34847770089,3467223.1180853993,0.0,101748.42591826196,101761.92584383207,101587.43044252033,101825.32296807732,3459446.481220906,0.0,101246.16869553877,101260.13276737787,101076.6917941276,101324.80717397787,3442369.7356483187,0.0,101093.62104157348,101107.39611635145,100927.99543205679,101171.39956312119,3437183.115413498,0.0,101019.58644250367,101032.36292798557,100860.53717340564,101092.12923475985,3434665.939045125,0.0
MOZ.11.3_1,116.0,97452.62043333084,97675.63913633637,94200.77352285957,99290.7539038607,7406399.152933142,0.0,97552.6314113734,97776.73024648693,94288.29026787954,99398.08187518414,7413999.987264377,0.0,97483.42004085008,97707.80979572276,94222.14286320463,99326.94581513932,7408739.9231046075,0.0,97816.73299440977,98046.20359693268,94511.91919074095,99676.4318916156,7434071.707575142,0.0,98114.99099290582,98347.67164349498,94781.8104301298,99989.40296061758,7456739.315460842,0.0,98328.72704311037,98563.28937109944,94974.71658157275,100214.6060176678,7472983.255276388,0.0,98329.19273667832,98563.30200445946,94964.20886659855,100224.06418495456,7473018.647987553,0.0,98333.06102814453,98563.81992533251,94980.15748214717,100225.47609183658,7473312.638138985,0.0,98113.08825196646,98342.30134950925,94774.83433584732,99999.0872528786,7456594.7071494525,0.0,97723.61766677104,97946.3205421495,94449.1144442259,99579.3173723216,7426994.9426746005,0.0,97537.38078651953,97760.08740606476,94270.62235106775,99387.91556726984,7412840.939775485,0.0,97487.46863517076,97712.13730652259,94218.2077653326,99333.56796845897,7409047.616272978,0.0
MOZ.11.4_1,117.0,92269.89594248867,92578.89864507828,86743.48044678848,95444.87051759523,4705764.693066923,0.0,92346.75717255137,92644.59081964026,86818.47681065097,95543.18011087034,4709684.615800119,0.0,92283.30870054539,92584.94839846632,86747.2747119315,95476.03895186198,4706448.743727816,0.0,92561.60059855376,92835.12421225572,86992.62561109016,95820.17724006924,4720641.630526242,0.0,92813.92760874298,93087.3336362738,87178.52072639532,96111.50790219904,4733510.30804589,0.0,93005.7246649653,93284.12505842213,87319.21348977959,96325.34532440724,4743291.95791323,0.0,92976.21263909533,93255.3965267607,87289.22805795714,96298.73309596244,4741786.844593862,0.0,92992.951552254,93272.36942374939,87351.09541181597,96289.12990070003,4742640.529164953,0.0,92794.8990394445,93075.51896073119,87186.4340792968,96069.6744827642,4732539.851011668,0.0,92483.31708936163,92777.91239801623,86958.28806260994,95682.11184366317,4716649.171557443,0.0,92322.91182728742,92612.0833142317,86828.06957278479,95515.04215020844,4708468.503191658,0.0,92274.82011660446,92563.89995028012,86756.8340416263,95478.63458638187,4706015.8259468265,0.0
MOZ.11.5_1,118.0,96850.84926356943,97040.90463278085,93183.02740011476,99147.14751626553,3970884.819806346,0.0,96955.79176437072,97146.10246825316,93276.90270132944,99260.59403778726,3975187.4623391996,0.0,96885.43720115047,97077.45493226756,93207.10699932573,99191.58691155721,3972302.9252471686,0.0,97243.1023872076,97441.03221477669,93527.13426227304,99567.06967393386,3986967.197875512,0.0,97543.02870428363,97746.18204223666,93790.73616739565,99885.8762806266,3999264.1768756295,0.0,97761.35327312896,97969.5450851856,93983.29415189527,100118.3365823036,4008215.484198288,0.0,97744.63361944568,97947.48695916569,93957.97680057595,100111.24396390523,4007529.978397272,0.0,97735.91183676828,97932.31377625998,93969.84899514006,100098.62684297064,4007172.385307497,0.0,97512.54313644842,97704.12491069568,93765.88649423806,99865.819753844,3998014.268594385,0.0,97103.94342261186,97284.70636959904,93423.33959712305,99417.91310922113,3981261.6803270862,0.0,96935.1389219768,97118.76169124212,93262.25847246514,99246.77854707892,3974340.695801048,0.0,96895.58777171443,97084.32273535428,93214.84969749858,99203.63049025393,3972719.098640291,0.0
MOZ.11.6_1,119.0,100916.49083406698,100922.30294175932,100870.9381520528,100947.71914719137,605498.9450044018,14.285714285714285,101059.68011817658,101065.05834055557,101013.27317557384,101093.31271906653,606358.0807090595,14.285714285714285,101007.72908823633,101012.89144164801,100966.03832298967,101039.3426720586,606046.374529418,14.285714285714285,101405.87891610783,101410.80408775627,101363.21590035027,101437.50292527178,608435.2734966469,14.285714285714285,101734.88529814435,101740.0219995026,101693.50291807768,101765.15929837905,610409.3117888661,14.285714285714285,101987.05918026676,101991.94953619008,101947.6528460369,102016.54553504262,611922.3550816005,14.285714285714285,101979.77009943953,101985.21079313586,101934.71265168887,102012.51500300094,611878.6205966373,14.285714285714285,101974.8526219772,101980.50074055843,101926.27883268893,102010.42985154886,611849.1157318632,14.285714285714285,101746.92124208156,101752.56182798604,101696.19467674717,101784.050216998,610481.5274524895,14.285714285714285,101249.2801082752,101254.88586647248,101195.09364251596,101290.37567773828,607495.6806496512,14.285714285714285,101095.07665478821,101100.82574818574,101043.26183363359,101133.73879120602,606570.4599287292,14.285714285714285,101023.27676731377,101028.88675269336,100973.2391956884,101059.41403535199,606139.6606038826,14.285714285714285
MOZ.11.7_1,120.0,96065.74868137603,96212.82135419123,92486.82464714488,99049.97679163826,4707221.685387426,0.0,96168.67559520477,96317.94655690264,92582.01904397745,99163.4330528576,4712265.104165033,0.0,96105.24190544976,96251.0271721789,92516.72607741732,99101.90189717863,4709156.853367038,0.0,96462.14343941351,96610.69319192236,92843.19220320527,99487.64893443858,4726645.028531264,0.0,96757.26363055457,96907.59708831136,93097.98156103016,99811.2396509667,4741105.917897174,0.0,96979.4638653302,97127.9986245742,93294.97525904755,100050.87282163904,4751993.7294011805,0.0,96946.11465683447,97099.3545746676,93248.41521338065,100029.46281759627,4750359.618184889,0.0,96933.3577853542,97087.01199129908,93258.74964547636,100005.022582646,4749734.531482357,0.0,96710.93010643624,96863.69643471633,93061.391671699,99766.66832207466,4738835.575215375,0.0,96296.78895844439,96449.60333015758,92707.51530526527,99300.40381595123,4718542.658963776,0.0,96143.53292229696,96292.91915793717,92570.27293556566,99142.64503931676,4711033.113192551,0.0,96106.49316356472,96256.96015868837,92523.68644770476,99103.53431201002,4709218.165014671,0.0
MOZ.11.8_1,121.0,100122.71214676667,100227.72250166572,98610.43956596318,100900.50896786973,6507976.289539834,0.0,100246.18160568485,100351.00544427164,98723.70587348273,101035.54461927818,6516001.804369515,0.0,100178.65735007645,100284.9339628692,98653.95111320989,100969.90228873238,6511612.727754967,0.0,100563.2125835153,100671.15169781656,99029.99610268958,101365.63176716547,6536608.817928494,0.0,100888.14972282149,101000.1158787906,99345.61685448926,101693.84341989436,6557729.731983395,0.0,101128.59456787203,101243.4979793212,99575.51031413328,101940.1584507042,6573358.646911683,0.0,101126.11421375856,101237.41825144304,99563.2889562997,101942.65911091547,6573197.423894308,0.0,101119.60820266801,101228.35450140227,99550.53003328617,101940.78361575707,6572774.53317342,0.0,100885.09628508508,100990.45486886648,99317.62218133778,101710.72287632043,6557531.258530531,0.0,100415.3061190626,100522.12322251314,98873.95516212807,101222.46897007043,6526994.897739069,0.0,100250.30452094926,100353.96092455008,98708.19863952637,101062.4267165493,6516269.793861702,0.0,100194.75379521394,100299.14764803943,98666.8729207705,100993.65856073944,6512658.996688906,0.0
MOZ.11.9_1,122.0,94307.0948679515,94454.48466623056,92242.02760161141,96989.350166834,7733181.779172023,0.0,94394.99322506426,94543.48658512034,92321.94678405506,97085.54764268636,7740389.44445527,0.0,94343.2091973544,94495.46126050394,92257.55255933524,97057.88638023756,7736143.15418306,0.0,94665.80341442402,94826.93973267156,92554.82890796832,97404.00231078084,7762595.87998277,0.0,94945.13308399306,95109.72543867317,92808.73204295496,97713.03115644492,7785500.912887434,0.0,95165.63612312167,95335.17844979305,93007.23370540624,97962.39134245463,7803582.162095979,0.0,95114.92871182103,95273.5529682792,92964.09731676188,97896.61848664457,7799424.154369327,0.0,95104.32818923412,95258.18610615065,92973.10583403244,97860.79355197976,7798554.911517197,0.0,94893.6449649042,95047.24926223428,92775.63712793426,97636.42156631708,7781278.887122144,0.0,94508.60642266137,94653.73612856657,92443.0592301666,97181.89599915248,7749705.7266582325,0.0,94358.40012703015,94504.38946162935,92292.7298226331,97037.83183633706,7737388.810416472,0.0,94322.75023429244,94470.96861377064,92251.3144496136,97005.52133736206,7734465.519211979,0.0
MOZ.11.10_1,123.0,98641.03382527028,98878.32456066416,96260.38139958297,99956.0676241504,6806231.333943649,0.0,98756.02136839872,98990.44480776472,96365.60777074537,100077.06523448596,6814165.474419513,0.0,98696.62708368374,98925.59792128931,96310.4223350368,100018.17734994207,6810067.268774178,0.0,99078.54023626118,99308.21976055508,96672.74042041737,100409.06616213387,6836419.27630202,0.0,99397.61147436894,99630.86701299084,96969.36389307393,100738.8111687288,6858435.191731458,0.0,99635.34175889588,99866.13296435561,97198.47476975154,100982.73779847412,6874838.581363816,0.0,99610.70277343749,99847.90165533533,97155.89107698087,100967.7856030847,6873138.491367186,0.0,99590.75547326254,99825.55183685648,97138.35972122953,100951.4022025436,6871762.127655115,0.0,99355.79463932436,99588.5480312683,96915.05627574188,100711.45505911038,6855549.830113381,0.0,98894.51618243947,99130.50442747156,96486.55636269141,100229.77886874524,6823721.616588322,0.0,98741.29670632332,98968.81487760339,96340.43430093065,100075.0646026544,6813149.472736307,0.0,98699.40685459608,98931.7279074115,96303.18928254854,100026.36697879738,6810259.072967133,0.0
MOZ.11.11_1,124.0,100317.62432910776,100451.65959511149,98831.65729183922,100904.37377789585,6420327.957062896,0.0,100452.25153508775,100586.80814808595,98952.36082265756,101049.56861363396,6428944.098245618,0.0,100424.10398843678,100572.49186862745,98942.22557802527,101010.9043736256,6427142.655259954,0.0,100811.77765752119,100955.54211949305,99307.26610931328,101404.91897464196,6451953.770081356,0.0,101142.31431128996,101288.13810249144,99626.94225282648,101738.28491034686,6473108.115922557,0.0,101400.97032826763,101553.55440449,99883.81856575886,101999.87032452725,6489662.10100913,0.0,101364.16977609957,101504.61601793749,99822.74685873908,101972.07459585594,6487306.865670373,0.0,101342.56639856363,101480.5852322327,99794.12979457698,101964.63060055039,6485924.249508073,0.0,101108.69206806117,101246.32348544193,99568.69376102553,101736.91968251248,6470956.292355915,0.0,100604.53449848117,100736.1856549475,99079.71268314477,101236.46134750724,6438690.207902795,0.0,100458.19187145481,100590.74895365424,98939.1983387926,101082.8584055997,6429324.279773108,0.0,100398.42707435912,100528.42360448556,98886.49901286108,101012.06766637409,6425499.332758984,0.0
MOZ.11.12_1,125.0,98271.36199167409,98165.04090218936,95843.5233110876,100679.96303083617,10121950.285142433,0.0,98381.07197776086,98273.52569577783,95940.91053330794,100785.72042104768,10133250.413709367,0.0,98352.77752751672,98253.44682335352,95899.3095932226,100786.66674608187,10130336.085334225,0.0,98717.40301128056,98611.4893117784,96245.41084868392,101155.7821916006,10167892.5101619,0.0,99035.50509369119,98928.64779313076,96541.84967387556,101502.01935425623,10200657.024650194,0.0,99287.43019104439,99181.81406911812,96775.99369085985,101783.84514824237,10226605.309677573,0.0,99232.88429545726,99121.15011050127,96719.41163926726,101716.49787904466,10220987.0824321,0.0,99199.07788735827,99086.31126031325,96697.1667027542,101654.89044779193,10217505.022397904,0.0,98969.06494630873,98857.85262572672,96476.32090300167,101414.47510705184,10193813.689469798,0.0,98493.61700297006,98385.45605042911,96048.77896899187,100884.75218395537,10144842.551305916,0.0,98350.38577217793,98247.15650333912,95904.83866829822,100735.94248944086,10130089.734534323,0.0,98310.21893319314,98200.16596815194,95870.46340711467,100693.44301394584,10125952.550118893,0.0
MOZ.11.13_1,126.0,100589.57248338767,100717.72602076703,99958.56423769207,100863.35181546812,1710022.7322175906,0.0,100719.90176917595,100847.99640833912,100081.94017484943,100997.95675784527,1712238.3300759913,0.0,100662.20904298133,100795.75982102792,100024.01663947814,100939.77422719977,1711257.5537306818,0.0,101058.10159723439,101193.43252838358,100416.00824124637,101337.59333035084,1717987.7271529846,0.0,101390.0418453708,101528.50986017742,100745.98107952936,101670.61621739363,1723630.7113713038,0.0,101638.29151311326,101779.99397997778,100990.367606387,101921.96534843589,1727850.9557229257,0.0,101628.28140881244,101765.3945038856,100973.9757365709,101912.67140652932,1727680.7839498115,0.0,101617.30130122168,101750.35879583236,100957.77927562669,101904.89193630856,1727494.1221207685,0.0,101381.12154944564,101512.32754276108,100719.22775676828,101671.33747799297,1723479.0663405757,0.0,100887.82321456734,101011.39143037076,100235.18645609914,101178.71730037856,1715092.9946476447,0.0,100734.90402007251,100862.09818207516,100083.70176292249,101023.04461289027,1712493.3683412329,0.0,100675.3381587736,100804.12423757616,100032.29100687812,100955.35644963056,1711480.748699151,0.0
MOZ.11.14_1,127.0,94522.8576826084,94002.2716045687,93114.94770167516,96930.89608076778,2268548.584382601,0.0,94616.9095782652,94090.65130655,93197.69990484226,97036.05368695168,2270805.829878365,0.0,94550.34425333461,94026.76215634868,93133.84179574632,96968.58900407275,2269208.2620800305,0.0,94883.27709771816,94347.57409651543,93441.23216401089,97332.16422560973,2277198.650345236,0.0,95163.48452633077,94624.79178854356,93706.37408724912,97637.01700253224,2283923.6286319382,0.0,95372.88983504094,94832.30898981518,93908.59162399832,97861.33937874329,2288949.3560409825,0.0,95341.54748998588,94798.23098074313,93872.1303324325,97836.86949277649,2288197.139759661,0.0,95338.31319275156,94795.78054601056,93876.08904069726,97821.17935974406,2288119.5166260367,0.0,95123.65129563381,94583.77998460957,93670.2478582965,97592.11926826672,2282967.631095211,0.0,94748.75450221827,94222.64461503527,93326.2211468023,97172.04477057957,2273970.108053239,0.0,94589.55804773828,94059.85249361537,93168.91957487533,97007.63242081198,2270149.3931457186,0.0,94551.68991254596,94021.8267120816,93128.54299962027,96974.14276841447,2269240.557901103,0.0
MOZ.11.15_1,128.0,100497.61718370693,100766.04158162324,99371.41002391418,100945.87402109124,2914430.898327501,0.0,100629.71647245658,100899.101039002,99492.9505399047,101086.81067664947,2918261.7777012414,0.0,100579.4436700676,100849.15044982248,99444.99731546476,101028.2921671239,2916803.86643196,0.0,100974.98536511304,101247.06928396768,99832.83233311334,101427.83575924726,2928274.575588278,0.0,101306.7623519644,101581.59603743316,100159.58934597342,101755.95272691608,2937896.1082069674,0.0,101558.10896403783,101834.53812819996,100406.94881463324,102006.76433566221,2945185.1599570974,0.0,101540.75983578847,101818.1737496286,100375.7201385074,102003.99709281136,2944682.0352378665,0.0,101526.02146276584,101803.20875791568,100350.66902188018,102001.0389486124,2944254.6224202095,0.0,101290.94693693133,101566.48543075119,100113.70128965953,101772.31351977275,2937437.4611710086,0.0,100793.89293691248,101063.5126661871,99630.3549703858,101278.0085689114,2923022.895170462,0.0,100645.05819766784,100915.16414458725,99485.7201110379,101122.61875796829,2918706.6877323673,0.0,100585.35779525213,100854.48968846787,99439.0666183548,101050.1569110347,2916975.3760623117,0.0
MOZ.11.16_1,129.0,100060.11030119726,100115.21777729224,98782.09251424557,100927.4788695032,8104868.934396978,1.2195121951219512,100174.60651770713,100234.21448958755,98887.05602182203,101045.18082380644,8114143.127934277,1.2195121951219512,100100.84252949528,100161.49491417225,98815.00766638046,100963.94761472024,8108168.244889118,1.2195121951219512,100461.68301643418,100516.93239231179,99156.63451734916,101318.57387867128,8137396.324331169,1.2195121951219512,100777.50810727688,100831.34350037835,99462.27574964061,101630.32441928137,8162978.156689428,1.2195121951219512,101008.59616201076,101061.0179096317,99681.94269071985,101860.76760665336,8181696.289122872,1.2195121951219512,101023.02140433784,101079.09402785037,99692.4330254136,101894.67714428512,8182864.733751364,1.2195121951219512,101029.119968017,101086.89134089656,99699.1368558718,101917.77000345936,8183358.717409378,1.2195121951219512,100802.41868541267,100860.89073182335,99476.82152071851,101699.98309333141,8164995.913518428,1.2195121951219512,100364.57538522033,100416.0738372357,99069.71489563264,101269.03284837883,8129530.606202845,1.2195121951219512,100177.7498867923,100237.48560863656,98877.78756709496,101072.97609031986,8114397.7408301765,1.2195121951219512,100115.89433947812,100173.47978621665,98821.51176916876,100992.80198737158,8109387.441497727,1.2195121951219512
